name,Count,Cumulative Sum,Percentage (%)
say.v,213,213,2.56
have.v,185,398,4.78
can.v,157,555,6.66
there be.v,146,701,8.41
use.v,145,846,10.15
produce.v,126,972,11.67
know.v,111,1083,13.0
develop.v,108,1191,14.3
include.v,92,1283,15.4
begin.v,89,1372,16.47
provide.v,87,1459,17.51
build.v,84,1543,18.52
see.v,79,1622,19.47
find.v,76,1698,20.38
believe.v,75,1773,21.28
continue.v,74,1847,22.17
do.v,74,1921,23.06
make.v,73,1994,23.93
help.v,69,2063,24.76
become.v,66,2129,25.56
should.v,66,2195,26.35
get.v,59,2254,27.06
take.v,58,2312,27.75
come.v,58,2370,28.45
want.v,57,2427,29.13
work.v,56,2483,29.8
acquire.v,52,2535,30.43
go.v,51,2586,31.04
sign.v,51,2637,31.65
think.v,49,2686,32.24
start.v,48,2734,32.82
sell.v,46,2780,33.37
report.v,46,2826,33.92
remain.v,46,2872,34.47
try.v,46,2918,35.03
call.v,45,2963,35.57
claim.v,44,3007,36.09
leave.v,43,3050,36.61
possess.v,43,3093,37.13
tell.v,42,3135,37.63
need.v,40,3175,38.11
seem.v,40,3215,38.59
may.v,39,3254,39.06
supply.v,38,3292,39.52
announce.v,35,3327,39.94
establish.v,33,3360,40.33
declare.v,33,3393,40.73
live.v,33,3426,41.12
might.v,33,3459,41.52
increase.v,32,3491,41.9
arrive.v,32,3523,42.29
manufacture.v,32,3555,42.67
seek.v,31,3586,43.04
support.v,29,3615,43.39
kill.v,29,3644,43.74
appear.v,29,3673,44.09
purchase.v,29,3702,44.44
cause.v,29,3731,44.78
give.v,28,3759,45.12
complete.v,28,3787,45.46
change.v,28,3815,45.79
deny.v,28,3843,46.13
agree.v,28,3871,46.47
create.v,27,3898,46.79
end.v,27,3925,47.11
destroy.v,27,3952,47.44
allow.v,27,3979,47.76
indicate.v,26,4005,48.07
grow.v,26,4031,48.39
visit.v,26,4057,48.7
bring.v,25,4082,49.0
hear.v,25,4107,49.3
keep.v,25,4132,49.6
follow.v,25,4157,49.9
join.v,24,4181,50.19
conduct.v,24,4205,50.47
receive.v,24,4229,50.76
estimate.v,24,4253,51.05
burn.v,23,4276,51.33
send.v,23,4299,51.6
test.v,23,4322,51.88
look.v,23,4345,52.15
stop.v,23,4368,52.43
have to.v,23,4391,52.71
walk.v,23,4414,52.98
ask.v,22,4436,53.25
carry out.v,22,4458,53.51
contain.v,22,4480,53.78
state.v,22,4502,54.04
wait.v,22,4524,54.3
prevent.v,21,4545,54.56
take place.v,21,4566,54.81
construct.v,21,4587,55.06
feel.v,21,4608,55.31
verify.v,21,4629,55.56
suggest.v,20,4649,55.8
ratify.v,20,4669,56.04
describe.v,20,4689,56.28
exist.v,20,4709,56.52
launch.v,19,4728,56.75
reach.v,19,4747,56.98
fight.v,19,4766,57.21
lead.v,19,4785,57.44
arrest.v,19,4804,57.66
reveal.v,19,4823,57.89
employ.v,19,4842,58.12
conclude.v,18,4860,58.34
consider.v,18,4878,58.55
attempt.v,18,4896,58.77
deploy.v,18,4914,58.98
show.v,18,4932,59.2
deliver.v,17,4949,59.4
withdraw.v,17,4966,59.61
must.v,17,4983,59.81
buy.v,17,5000,60.02
assist.v,17,5017,60.22
carry.v,17,5034,60.42
return.v,17,5051,60.63
import.v,17,5068,60.83
obtain.v,17,5085,61.04
enter.v,17,5102,61.24
suspend.v,16,5118,61.43
monitor.v,16,5134,61.63
require.v,16,5150,61.82
admit.v,16,5166,62.01
place.v,16,5182,62.2
sit.v,15,5197,62.38
discuss.v,15,5212,62.56
add.v,15,5227,62.74
respond.v,15,5242,62.92
run.v,15,5257,63.1
expand.v,15,5272,63.28
expect.v,15,5287,63.46
hold.v,15,5302,63.64
design.v,15,5317,63.82
discover.v,15,5332,64.0
travel.v,14,5346,64.17
watch.v,14,5360,64.34
fail.v,14,5374,64.51
enrich.v,14,5388,64.67
learn.v,14,5402,64.84
serve.v,14,5416,65.01
engage.v,14,5430,65.18
export.v,14,5444,65.35
understand.v,14,5458,65.51
escape.v,14,5472,65.68
secure.v,14,5486,65.85
write.v,14,5500,66.02
maintain.v,14,5514,66.19
stockpile.v,14,5528,66.35
gain.v,14,5542,66.52
move.v,13,5555,66.68
turn.v,13,5568,66.83
confirm.v,13,5581,66.99
pay.v,13,5594,67.15
ring.v,13,5607,67.3
spread.v,13,5620,67.46
hope.v,13,5633,67.61
have got.v,13,5646,67.77
die.v,13,5659,67.93
train.v,13,5672,68.08
cooperate.v,13,5685,68.24
cite.v,13,5698,68.4
found.v,13,5711,68.55
order.v,13,5724,68.71
reduce.v,13,5737,68.86
operate.v,12,5749,69.01
note.v,12,5761,69.15
rule.v,12,5773,69.3
stand.v,12,5785,69.44
transfer.v,12,5797,69.58
mean.v,12,5809,69.73
force.v,12,5821,69.87
control.v,12,5833,70.02
fall.v,12,5845,70.16
equip.v,12,5857,70.3
read.v,12,5869,70.45
pledge.v,12,5881,70.59
detect.v,11,5892,70.72
belong.v,11,5903,70.86
own.v,11,5914,70.99
occur.v,11,5925,71.12
happen.v,11,5936,71.25
store.v,11,5947,71.38
permit.v,11,5958,71.52
accuse.v,11,5969,71.65
evacuate.v,11,5980,71.78
pass.v,11,5991,71.91
suspect.v,11,6002,72.04
talk.v,10,6012,72.16
put.v,10,6022,72.28
offer.v,10,6032,72.4
steal.v,10,6042,72.52
deal.v,10,6052,72.64
drive.v,10,6062,72.76
protect.v,10,6072,72.88
accept.v,10,6082,73.0
participate.v,10,6092,73.12
achieve.v,10,6102,73.24
fire.v,10,6112,73.36
set up.v,10,6122,73.48
eliminate.v,10,6132,73.6
lift.v,10,6142,73.72
fear.v,9,6151,73.83
damage.v,9,6160,73.94
replace.v,9,6169,74.05
define.v,9,6178,74.16
rely.v,9,6187,74.26
enjoy.v,9,6196,74.37
express.v,9,6205,74.48
plan.v,9,6214,74.59
mention.v,9,6223,74.7
submit.v,9,6232,74.8
stay.v,9,6241,74.91
inform.v,9,6250,75.02
speak.v,9,6259,75.13
insist.v,9,6268,75.24
choose.v,9,6277,75.35
approach.v,9,6286,75.45
assess.v,9,6295,75.56
assassinate.v,9,6304,75.67
dismantle.v,9,6313,75.78
view.v,9,6322,75.89
rise.v,9,6331,75.99
address.v,9,6340,76.1
lie.v,9,6349,76.21
head.v,8,6357,76.31
prepare.v,8,6365,76.4
meet.v,8,6373,76.5
explain.v,8,6381,76.59
defend.v,8,6389,76.69
murder.v,8,6397,76.79
threaten.v,8,6405,76.88
succeed.v,8,6413,76.98
teach.v,8,6421,77.07
urge.v,8,6429,77.17
finish.v,8,6437,77.27
research.v,8,6445,77.36
request.v,8,6453,77.46
attend.v,8,6461,77.55
resume.v,8,6469,77.65
influence.v,8,6477,77.75
attack.v,8,6485,77.84
ban.v,8,6493,77.94
avoid.v,8,6501,78.03
intend.v,8,6509,78.13
shake.v,8,6517,78.23
install.v,8,6525,78.32
check.v,8,6533,78.42
affect.v,8,6541,78.51
decide.v,8,6549,78.61
form.v,8,6557,78.71
promise.v,7,6564,78.79
flee.v,7,6571,78.87
proceed.v,7,6578,78.96
argue.v,7,6585,79.04
characterize.v,7,6592,79.13
violate.v,7,6599,79.21
wonder.v,7,6606,79.29
strike.v,7,6613,79.38
focus.v,7,6620,79.46
go on.v,7,6627,79.55
divide.v,7,6634,79.63
assemble.v,7,6641,79.71
disclose.v,7,6648,79.8
play.v,7,6655,79.88
utilise.v,7,6662,79.97
refuse.v,7,6669,80.05
criticize.v,7,6676,80.13
born.v,7,6683,80.22
halt.v,7,6690,80.3
fill.v,7,6697,80.39
could.v,7,6704,80.47
reprocess.v,7,6711,80.55
pursue.v,7,6718,80.64
accede.v,7,6725,80.72
appreciate.v,7,6732,80.81
prove.v,7,6739,80.89
resolve.v,7,6746,80.97
allege.v,7,6753,81.06
generate.v,6,6759,81.13
slide.v,6,6765,81.2
transport.v,6,6771,81.27
thank.v,6,6777,81.35
smile.v,6,6783,81.42
encourage.v,6,6789,81.49
split.v,6,6795,81.56
draw.v,6,6801,81.63
gather.v,6,6807,81.71
suffer.v,6,6813,81.78
emerge.v,6,6819,81.85
identify.v,6,6825,81.92
earn.v,6,6831,81.99
attract.v,6,6837,82.07
negotiate.v,6,6843,82.14
oppose.v,6,6849,82.21
realize.v,6,6855,82.28
account.v,6,6861,82.36
kidnap.v,6,6867,82.43
decline.v,6,6873,82.5
demand.v,6,6879,82.57
hit.v,6,6885,82.64
wear.v,6,6891,82.72
renew.v,6,6897,82.79
lose.v,6,6903,82.86
cost.v,6,6909,82.93
adopt.v,6,6915,83.0
wish.v,6,6921,83.08
approve.v,6,6927,83.15
restore.v,6,6933,83.22
issue.v,6,6939,83.29
fly.v,6,6945,83.36
invite.v,6,6951,83.44
manage.v,6,6957,83.51
seize.v,6,6963,83.58
assert.v,6,6969,83.65
flourish.v,6,6975,83.72
cover.v,6,6981,83.8
house.v,5,6986,83.86
erect.v,5,6991,83.92
let.v,5,6996,83.98
fish.v,5,7001,84.04
laugh.v,5,7006,84.1
face.v,5,7011,84.16
investigate.v,5,7016,84.22
honor.v,5,7021,84.28
hire.v,5,7026,84.34
match.v,5,7031,84.4
miss.v,5,7036,84.46
improve.v,5,7041,84.52
abandon.v,5,7046,84.58
bring about.v,5,7051,84.64
shoot.v,5,7056,84.7
process.v,5,7061,84.76
aid.v,5,7066,84.82
determine.v,5,7071,84.88
push.v,5,7076,84.94
treat.v,5,7081,85.0
confront.v,5,7086,85.06
vanish.v,5,7091,85.12
revive.v,5,7096,85.18
conquer.v,5,7101,85.24
delay.v,5,7106,85.3
undergo.v,5,7111,85.36
rescue.v,5,7116,85.42
undertake.v,5,7121,85.48
cry.v,5,7126,85.54
remark.v,5,7131,85.6
thrive.v,5,7136,85.66
combine.v,5,7141,85.72
weaponize.v,5,7146,85.78
perform.v,5,7151,85.84
spring.v,5,7156,85.9
end up.v,5,7161,85.96
break out.v,5,7166,86.02
acknowledge.v,5,7171,86.08
notice.v,5,7176,86.14
observe.v,5,7181,86.2
sound.v,5,7186,86.26
drop.v,5,7191,86.32
adhere.v,5,7196,86.38
remove.v,5,7201,86.44
dominate.v,5,7206,86.5
blame.v,5,7211,86.56
flow.v,4,7215,86.6
contribute.v,4,7219,86.65
collaborate.v,4,7223,86.7
forecast.v,4,7227,86.75
throw.v,4,7231,86.8
count.v,4,7235,86.84
lack.v,4,7239,86.89
remember.v,4,7243,86.94
back.v,4,7247,86.99
communicate.v,4,7251,87.04
freeze.v,4,7255,87.08
tear.v,4,7259,87.13
ride.v,4,7263,87.18
sentence.v,4,7267,87.23
commit.v,4,7271,87.28
invade.v,4,7275,87.32
slaughter.v,4,7279,87.37
compare.v,4,7283,87.42
judge.v,4,7287,87.47
retaliate.v,4,7291,87.52
lay.v,4,7295,87.56
mark.v,4,7299,87.61
waste.v,4,7303,87.66
expel.v,4,7307,87.71
aim.v,4,7311,87.76
herald.v,4,7315,87.8
predict.v,4,7319,87.85
distribute.v,4,7323,87.9
perish.v,4,7327,87.95
apply.v,4,7331,88.0
park.v,4,7335,88.04
act.v,4,7339,88.09
open.v,4,7343,88.14
eat.v,4,7347,88.19
enclose.v,4,7351,88.24
worry.v,4,7355,88.28
relinquish.v,4,7359,88.33
explore.v,4,7363,88.38
vow.v,4,7367,88.43
link.v,4,7371,88.48
release.v,4,7375,88.52
regard.v,4,7379,88.57
study.v,4,7383,88.62
defeat.v,4,7387,88.67
assure.v,4,7391,88.72
vary.v,4,7395,88.76
demolish.v,4,7399,88.81
demonstrate.v,4,7403,88.86
rank.v,4,7407,88.91
load.v,4,7411,88.96
decrease.v,4,7415,89.0
wave.v,3,7418,89.04
tend.v,3,7421,89.08
hospitalize.v,3,7424,89.11
hijack.v,3,7427,89.15
hunt.v,3,7430,89.18
imagine.v,3,7433,89.22
modify.v,3,7436,89.26
step.v,3,7439,89.29
raise.v,3,7442,89.33
motivate.v,3,7445,89.37
name.v,3,7448,89.4
overthrow.v,3,7451,89.44
perceive.v,3,7454,89.47
marry.v,3,7457,89.51
persist.v,3,7460,89.55
make sure.v,3,7463,89.58
present.v,3,7466,89.62
promote.v,3,7469,89.65
prompt.v,3,7472,89.69
propose.v,3,7475,89.73
love.v,3,7478,89.76
raid.v,3,7481,89.8
rape.v,3,7484,89.83
inhabit.v,3,7487,89.87
like.v,3,7490,89.91
light.v,3,7493,89.94
rename.v,3,7496,89.98
represent.v,3,7499,90.01
resemble.v,3,7502,90.05
mix.v,3,7505,90.09
rob.v,3,7508,90.12
safeguard.v,3,7511,90.16
ship.v,3,7514,90.19
intercept.v,3,7517,90.23
shrink.v,3,7520,90.27
signal.v,3,7523,90.3
initiate.v,3,7526,90.34
recognize.v,3,7529,90.37
knock down.v,3,7532,90.41
buzz.v,3,7535,90.45
bully.v,3,7538,90.48
crash.v,3,7541,90.52
burgeon.v,3,7544,90.55
drag on.v,3,7547,90.59
adorn.v,3,7550,90.63
cut.v,3,7553,90.66
advise.v,3,7556,90.7
depart.v,3,7559,90.73
depend.v,3,7562,90.77
deserve.v,3,7565,90.81
cease.v,3,7568,90.84
designate.v,3,7571,90.88
desire.v,3,7574,90.91
devastate.v,3,7577,90.95
dine.v,3,7580,90.99
charge.v,3,7583,91.02
ascertain.v,3,7586,91.06
find out.v,3,7589,91.09
counter.v,3,7592,91.13
advance.v,3,7595,91.17
complement.v,3,7598,91.2
convert.v,3,7601,91.24
break.v,3,7604,91.27
emphasize.v,3,7607,91.31
examine.v,3,7610,91.35
dwindle.v,3,7613,91.38
bring together.v,3,7616,91.42
chat.v,3,7619,91.45
roll.v,2,7621,91.48
drag.v,2,7623,91.5
swim.v,2,7625,91.53
position.v,2,7627,91.55
obey.v,2,7629,91.57
originate.v,2,7631,91.6
stare.v,2,7633,91.62
notify.v,2,7635,91.65
elect.v,2,7637,91.67
postpone.v,2,7639,91.69
pray.v,2,7641,91.72
summon.v,2,7643,91.74
precipitate.v,2,7645,91.77
outline.v,2,7647,91.79
discourage.v,2,7649,91.81
endanger.v,2,7651,91.84
term.v,2,7653,91.86
mill.v,2,7655,91.89
press.v,2,7657,91.91
starve.v,2,7659,91.93
point.v,2,7661,91.96
pack.v,2,7663,91.98
stretch.v,2,7665,92.01
dry.v,2,7667,92.03
capture.v,2,7669,92.05
paint.v,2,7671,92.08
pressure.v,2,7673,92.1
dub.v,2,7675,92.13
drug.v,2,7677,92.15
struggle.v,2,7679,92.17
perpetrate.v,2,7681,92.2
cater.v,2,7683,92.22
strengthen.v,2,7685,92.25
persuade.v,2,7687,92.27
storm.v,2,7689,92.29
carve.v,2,7691,92.32
pitch.v,2,7693,92.34
outlaw.v,2,7695,92.37
disperse.v,2,7697,92.39
step up.v,2,7699,92.41
diminish.v,2,7701,92.44
spring up.v,2,7703,92.46
probe.v,2,7705,92.49
come to a end.v,2,7707,92.51
select.v,2,7709,92.53
render.v,2,7711,92.56
renounce.v,2,7713,92.58
rent.v,2,7715,92.61
command.v,2,7717,92.63
corroborate.v,2,7719,92.65
cook.v,2,7721,92.68
comply.v,2,7723,92.7
convey.v,2,7725,92.73
contravene.v,2,7727,92.75
restart.v,2,7729,92.77
contract.v,2,7731,92.8
contend.v,2,7733,92.82
consolidate.v,2,7735,92.85
concern.v,2,7737,92.87
revisit.v,2,7739,92.89
connect.v,2,7741,92.92
condemn.v,2,7743,92.94
sack.v,2,7745,92.97
rush.v,2,7747,92.99
confine.v,2,7749,93.01
ruin.v,2,7751,93.04
separate.v,2,7753,93.06
cure.v,2,7755,93.09
come from.v,2,7757,93.11
sit down.v,2,7759,93.13
disable.v,2,7761,93.16
direct.v,2,7763,93.18
procure.v,2,7765,93.21
bless.v,2,7767,93.23
pull.v,2,7769,93.25
punish.v,2,7771,93.28
slip.v,2,7773,93.3
sleep.v,2,7775,93.33
quit.v,2,7777,93.35
sit up.v,2,7779,93.37
defect.v,2,7781,93.4
shield.v,2,7783,93.42
reaffirm.v,2,7785,93.45
decry.v,2,7787,93.47
clear.v,2,7789,93.49
shower.v,2,7791,93.52
debate.v,2,7793,93.54
climb.v,2,7795,93.57
record.v,2,7797,93.59
recover.v,2,7799,93.61
coincide.v,2,7801,93.64
dance.v,2,7803,93.66
terrorize.v,2,7805,93.69
hate.v,2,7807,93.71
arise.v,2,7809,93.73
admire.v,2,7811,93.76
flight-test.v,2,7813,93.78
jump.v,2,7815,93.81
bear.v,2,7817,93.83
twist.v,2,7819,93.85
transform.v,2,7821,93.88
host.v,2,7823,93.9
extract.v,2,7825,93.93
inspire.v,2,7827,93.95
administer.v,2,7829,93.97
glance.v,2,7831,94.0
battle.v,2,7833,94.02
locate.v,2,7835,94.05
extradite.v,2,7837,94.07
hurt.v,2,7839,94.09
trade.v,2,7841,94.12
illustrate.v,2,7843,94.14
inspect.v,2,7845,94.17
faint.v,2,7847,94.19
injure.v,2,7849,94.21
fashion.v,2,7851,94.24
frighten.v,2,7853,94.26
favor.v,2,7855,94.29
fuel.v,2,7857,94.31
let know.v,2,7859,94.33
turn out.v,2,7861,94.36
feed.v,2,7863,94.38
file.v,2,7865,94.41
ferry.v,2,7867,94.43
execute.v,2,7869,94.45
justify.v,2,7871,94.48
weaken.v,2,7873,94.5
guard.v,2,7875,94.53
wound.v,2,7877,94.55
hand.v,2,7879,94.57
materialize.v,2,7881,94.6
hike.v,2,7883,94.62
tie.v,2,7885,94.65
forget.v,2,7887,94.67
answer.v,2,7889,94.69
acclaim.v,2,7891,94.72
evoke.v,2,7893,94.74
thwart.v,2,7895,94.77
hold off.v,2,7897,94.79
torture.v,2,7899,94.81
toss.v,2,7901,94.84
alter.v,2,7903,94.86
fortify.v,2,7905,94.89
ascend.v,2,7907,94.91
formulate.v,2,7909,94.93
invent.v,2,7911,94.96
govern.v,2,7913,94.98
slay.v,1,7914,94.99
wash.v,1,7915,95.01
chug.v,1,7916,95.02
close.v,1,7917,95.03
apprehend.v,1,7918,95.04
shorten.v,1,7919,95.05
shop.v,1,7920,95.07
alarm.v,1,7921,95.08
shiver.v,1,7922,95.09
chuckle.v,1,7923,95.1
advocate.v,1,7924,95.11
sing.v,1,7925,95.13
war.v,1,7926,95.14
slap.v,1,7927,95.15
shrink from.v,1,7928,95.16
alleviate.v,1,7929,95.17
shrug.v,1,7930,95.19
waltz.v,1,7931,95.2
classify.v,1,7932,95.21
shut off.v,1,7933,95.22
skip.v,1,7934,95.23
side.v,1,7935,95.25
skim.v,1,7936,95.26
clash.v,1,7937,95.27
wake.v,1,7938,95.28
sift.v,1,7939,95.29
cleanse.v,1,7940,95.31
skyrocket.v,1,7941,95.32
besiege.v,1,7942,95.33
collect.v,1,7943,95.34
work together.v,1,7944,95.35
search.v,1,7945,95.37
seal.v,1,7946,95.38
scrutinize.v,1,7947,95.39
screw up.v,1,7948,95.4
scream.v,1,7949,95.41
scratch.v,1,7950,95.43
scowl.v,1,7951,95.44
scoot.v,1,7952,95.45
scan.v,1,7953,95.46
abuse.v,1,7954,95.47
would.v,1,7955,95.49
wrap.v,1,7956,95.5
sacrifice.v,1,7957,95.51
wreak.v,1,7958,95.52
confess.v,1,7959,95.53
absorb.v,1,7960,95.55
yield.v,1,7961,95.56
rue.v,1,7962,95.57
rub.v,1,7963,95.58
seat.v,1,7964,95.59
word.v,1,7965,95.61
shift.v,1,7966,95.62
compound.v,1,7967,95.63
weave.v,1,7968,95.64
comb.v,1,7969,95.65
sever.v,1,7970,95.67
set.v,1,7971,95.68
weigh.v,1,7972,95.69
set out.v,1,7973,95.7
set off.v,1,7974,95.71
weld.v,1,7975,95.73
volunteer.v,1,7976,95.74
whisk.v,1,7977,95.75
widen.v,1,7978,95.76
come together.v,1,7979,95.77
come up.v,1,7980,95.79
will.v,1,7981,95.8
win.v,1,7982,95.81
wind.v,1,7983,95.82
commence.v,1,7984,95.83
witness.v,1,7985,95.85
acquit.v,1,7986,95.86
come off.v,1,7987,95.87
sow.v,1,7988,95.88
slither.v,1,7989,95.89
tour.v,1,7990,95.91
brood.v,1,7991,95.92
survive.v,1,7992,95.93
surprise.v,1,7993,95.94
befall.v,1,7994,95.95
suppose.v,1,7995,95.97
bubble.v,1,7996,95.98
translate.v,1,7997,95.99
transpire.v,1,7998,96.0
summarize.v,1,7999,96.01
sum up.v,1,8000,96.03
bar.v,1,8001,96.04
cajole.v,1,8002,96.05
subvert.v,1,8003,96.06
tread.v,1,8004,96.07
band.v,1,8005,96.09
substantiate.v,1,8006,96.1
captivate.v,1,8007,96.11
stymie.v,1,8008,96.12
triple.v,1,8009,96.13
strip.v,1,8010,96.15
care.v,1,8011,96.16
track.v,1,8012,96.17
swap.v,1,8013,96.18
arouse.v,1,8014,96.19
swear.v,1,8015,96.21
blackmail.v,1,8016,96.22
belittle.v,1,8017,96.23
boil.v,1,8018,96.24
beg.v,1,8019,96.25
thrust.v,1,8020,96.27
terrify.v,1,8021,96.28
terminate.v,1,8022,96.29
bolster.v,1,8023,96.3
bomb.v,1,8024,96.31
teem.v,1,8025,96.33
boom.v,1,8026,96.34
bottle.v,1,8027,96.35
break up.v,1,8028,96.36
take to the air.v,1,8029,96.37
topple.v,1,8030,96.39
breathe.v,1,8031,96.4
take part.v,1,8032,96.41
tack.v,1,8033,96.42
switch.v,1,8034,96.44
swing.v,1,8035,96.45
total.v,1,8036,96.46
balloon.v,1,8037,96.47
tuck.v,1,8038,96.48
tug.v,1,8039,96.5
caress.v,1,8040,96.51
spray.v,1,8041,96.52
assume.v,1,8042,96.53
vacate.v,1,8043,96.54
value.v,1,8044,96.56
spit up.v,1,8045,96.57
spill.v,1,8046,96.58
spew.v,1,8047,96.59
spend.v,1,8048,96.6
speculate.v,1,8049,96.62
chatter.v,1,8050,96.63
bind.v,1,8051,96.64
chew.v,1,8052,96.65
solve.v,1,8053,96.66
solidify.v,1,8054,96.68
articulate.v,1,8055,96.69
smuggle.v,1,8056,96.7
smoke.v,1,8057,96.71
chronicle.v,1,8058,96.72
smell.v,1,8059,96.74
smash.v,1,8060,96.75
arraign.v,1,8061,96.76
charter.v,1,8062,96.77
usher in.v,1,8063,96.78
attach.v,1,8064,96.8
back out.v,1,8065,96.81
carry on.v,1,8066,96.82
sting.v,1,8067,96.83
stick.v,1,8068,96.84
cascade.v,1,8069,96.86
bake.v,1,8070,96.87
catch fire.v,1,8071,96.88
catch on fire.v,1,8072,96.89
twinkle.v,1,8073,96.9
type.v,1,8074,96.92
awaken.v,1,8075,96.93
authorize.v,1,8076,96.94
certify.v,1,8077,96.95
stalk.v,1,8078,96.96
await.v,1,8079,96.98
stain.v,1,8080,96.99
unify.v,1,8081,97.0
unite.v,1,8082,97.01
stagnate.v,1,8083,97.02
stab.v,1,8084,97.04
upset.v,1,8085,97.05
rout.v,1,8086,97.06
cut short.v,1,8087,97.07
rock.v,1,8088,97.08
envelop.v,1,8089,97.1
melt.v,1,8090,97.11
meld.v,1,8091,97.12
equal.v,1,8092,97.13
meet with.v,1,8093,97.14
measure.v,1,8094,97.16
erupt.v,1,8095,97.17
evaluate.v,1,8096,97.18
evaporate.v,1,8097,97.19
master.v,1,8098,97.2
evolve.v,1,8099,97.22
excel.v,1,8100,97.23
exchange.v,1,8101,97.24
make up.v,1,8102,97.25
excite.v,1,8103,97.26
make out to be.v,1,8104,97.28
lure.v,1,8105,97.29
lunge.v,1,8106,97.3
expose.v,1,8107,97.31
extinguish.v,1,8108,97.32
look back.v,1,8109,97.34
lock up.v,1,8110,97.35
fabricate.v,1,8111,97.36
listen.v,1,8112,97.37
liquefy.v,1,8113,97.38
line.v,1,8114,97.4
farm.v,1,8115,97.41
fasten.v,1,8116,97.42
memorise.v,1,8117,97.43
entice.v,1,8118,97.44
confiscate.v,1,8119,97.46
mislead.v,1,8120,97.47
drown.v,1,8121,97.48
overrun.v,1,8122,97.49
outfit.v,1,8123,97.5
oust.v,1,8124,97.52
ought to.v,1,8125,97.53
opt.v,1,8126,97.54
dry up.v,1,8127,97.55
ooze.v,1,8128,97.56
dump.v,1,8129,97.58
occupy.v,1,8130,97.59
ease.v,1,8131,97.6
edge.v,1,8132,97.61
educate.v,1,8133,97.62
effect.v,1,8134,97.64
eject.v,1,8135,97.65
elicit.v,1,8136,97.66
embark.v,1,8137,97.67
mummify.v,1,8138,97.68
emplace.v,1,8139,97.7
mouth.v,1,8140,97.71
mount.v,1,8141,97.72
endorse.v,1,8142,97.73
mold.v,1,8143,97.74
enforce.v,1,8144,97.76
mock.v,1,8145,97.77
enlarge.v,1,8146,97.78
enlist.v,1,8147,97.79
fathom.v,1,8148,97.8
feature.v,1,8149,97.82
lean.v,1,8150,97.83
lead the way.v,1,8151,97.84
gag.v,1,8152,97.85
gaze.v,1,8153,97.86
incorporate.v,1,8154,97.88
get ready.v,1,8155,97.89
incense.v,1,8156,97.9
get there.v,1,8157,97.91
imprison.v,1,8158,97.92
impress.v,1,8159,97.94
get up.v,1,8160,97.95
implement.v,1,8161,97.96
impede.v,1,8162,97.97
give out.v,1,8163,97.98
give rise.v,1,8164,98.0
hurry.v,1,8165,98.01
howl.v,1,8166,98.02
glimpse.v,1,8167,98.03
glitter.v,1,8168,98.04
go away.v,1,8169,98.06
go wrong.v,1,8170,98.07
guess.v,1,8171,98.08
hinder.v,1,8172,98.09
guide.v,1,8173,98.1
hide.v,1,8174,98.12
had better.v,1,8175,98.13
hamper.v,1,8176,98.14
handle.v,1,8177,98.15
hang.v,1,8178,98.16
induce.v,1,8179,98.18
frolic.v,1,8180,98.19
free.v,1,8181,98.2
fit.v,1,8182,98.21
fester.v,1,8183,98.22
figure out.v,1,8184,98.24
laud.v,1,8185,98.25
lash.v,1,8186,98.26
languish.v,1,8187,98.27
lament.v,1,8188,98.28
film.v,1,8189,98.3
label.v,1,8190,98.31
knock.v,1,8191,98.32
abound.v,1,8192,98.33
kiss.v,1,8193,98.34
fire off.v,1,8194,98.36
key.v,1,8195,98.37
insert.v,1,8196,98.38
flight test.v,1,8197,98.39
jot down.v,1,8198,98.4
float.v,1,8199,98.42
jeopardise.v,1,8200,98.43
flop.v,1,8201,98.44
ford.v,1,8202,98.45
foresee.v,1,8203,98.46
intimidate.v,1,8204,98.48
interpret.v,1,8205,98.49
forgo.v,1,8206,98.5
institute.v,1,8207,98.51
fragment.v,1,8208,98.52
drink.v,1,8209,98.54
package.v,1,8210,98.55
drift.v,1,8211,98.56
rain.v,1,8212,98.57
crouch.v,1,8213,98.58
curtail.v,1,8214,98.6
cut off.v,1,8215,98.61
hasten.v,1,8216,98.62
reject.v,1,8217,98.63
reiterate.v,1,8218,98.64
reinvigorate.v,1,8219,98.66
reinforce.v,1,8220,98.67
reign.v,1,8221,98.68
regret.v,1,8222,98.69
refute.v,1,8223,98.7
refrain.v,1,8224,98.72
date.v,1,8225,98.73
redirect.v,1,8226,98.74
recount.v,1,8227,98.75
reconnoitre.v,1,8228,98.76
deceive.v,1,8229,98.78
rebuke.v,1,8230,98.79
rebuff.v,1,8231,98.8
reappraise.v,1,8232,98.81
deem.v,1,8233,98.82
read out.v,1,8234,98.84
raze.v,1,8235,98.85
rationalize.v,1,8236,98.86
denounce.v,1,8237,98.87
dent.v,1,8238,98.88
range.v,1,8239,98.9
remedy.v,1,8240,98.91
cross.v,1,8241,98.92
remind.v,1,8242,98.93
restrict.v,1,8243,98.94
roam.v,1,8244,98.96
rival.v,1,8245,98.97
conform.v,1,8246,98.98
confuse.v,1,8247,98.99
congratulate.v,1,8248,99.0
ride out.v,1,8249,99.02
rid.v,1,8250,99.03
reward.v,1,8251,99.04
revolt.v,1,8252,99.05
consent.v,1,8253,99.06
consume.v,1,8254,99.08
retain.v,1,8255,99.09
rest.v,1,8256,99.1
creep.v,1,8257,99.11
contradict.v,1,8258,99.12
respect.v,1,8259,99.14
reside.v,1,8260,99.15
reshape.v,1,8261,99.16
contrive.v,1,8262,99.17
convene.v,1,8263,99.18
convict.v,1,8264,99.2
reproduce.v,1,8265,99.21
reprimand.v,1,8266,99.22
repopulate.v,1,8267,99.23
crane.v,1,8268,99.24
crawl.v,1,8269,99.26
rake.v,1,8270,99.27
depose.v,1,8271,99.28
drain.v,1,8272,99.29
rage.v,1,8273,99.3
precede.v,1,8274,99.32
praise.v,1,8275,99.33
pour.v,1,8276,99.34
post.v,1,8277,99.35
disembark.v,1,8278,99.36
poison.v,1,8279,99.38
plunge.v,1,8280,99.39
disobey.v,1,8281,99.4
plead.v,1,8282,99.41
plant.v,1,8283,99.42
disprove.v,1,8284,99.44
disseminate.v,1,8285,99.45
pirate.v,1,8286,99.46
pin.v,1,8287,99.47
pile.v,1,8288,99.48
piece together.v,1,8289,99.5
pick.v,1,8290,99.51
distinguish.v,1,8291,99.52
divert.v,1,8292,99.53
donate.v,1,8293,99.54
double.v,1,8294,99.56
doubt.v,1,8295,99.57
peer.v,1,8296,99.58
peep.v,1,8297,99.59
peel.v,1,8298,99.6
peal.v,1,8299,99.62
partition.v,1,8300,99.63
discontinue.v,1,8301,99.64
discharge.v,1,8302,99.65
preserve.v,1,8303,99.66
deteriorate.v,1,8304,99.68
radiate.v,1,8305,99.69
quiver.v,1,8306,99.7
quiet down.v,1,8307,99.71
question.v,1,8308,99.72
put together.v,1,8309,99.74
put out.v,1,8310,99.75
put an end to.v,1,8311,99.76
detail.v,1,8312,99.77
puff.v,1,8313,99.78
prowl.v,1,8314,99.8
provoke.v,1,8315,99.81
detain.v,1,8316,99.82
proscribe.v,1,8317,99.83
prevail.v,1,8318,99.84
devise.v,1,8319,99.86
propel.v,1,8320,99.87
pronounce.v,1,8321,99.88
diddle.v,1,8322,99.89
differ.v,1,8323,99.9
prolong.v,1,8324,99.92
proliferate.v,1,8325,99.93
prohibit.v,1,8326,99.94
progress.v,1,8327,99.95
prize.v,1,8328,99.96
print.v,1,8329,99.98
disappear.v,1,8330,99.99
zigzag.v,1,8331,100.0


