name,Count,Cumulative Sum,Percentage (%)
say.v,400,400,0.48
tell.v,358,758,0.92
use.v,307,1065,1.29
swim.v,278,1343,1.63
know.v,263,1606,1.94
live.v,263,1869,2.26
wear.v,251,2120,2.57
have.v,246,2366,2.86
develop.v,232,2598,3.15
criticize.v,224,2822,3.42
try.v,216,3038,3.68
find.v,215,3253,3.94
strike.v,215,3468,4.2
ask.v,212,3680,4.46
become.v,209,3889,4.71
see.v,209,4098,4.96
launch.v,204,4302,5.21
hit.v,202,4504,5.45
look.v,200,4704,5.7
forget.v,199,4903,5.94
help.v,191,5094,6.17
condemn.v,185,5279,6.39
write.v,184,5463,6.61
suggest.v,184,5647,6.84
show.v,182,5829,7.06
take.v,176,6005,7.27
make.v,173,6178,7.48
confess.v,173,6351,7.69
appear.v,173,6524,7.9
produce.v,172,6696,8.11
begin.v,172,6868,8.32
rush.v,170,7038,8.52
feel.v,170,7208,8.73
kill.v,170,7378,8.93
denounce.v,169,7547,9.14
urge.v,166,7713,9.34
phone.v,166,7879,9.54
can.v,162,8041,9.74
resent.v,160,8201,9.93
step.v,159,8360,10.12
throw.v,159,8519,10.31
leave.v,156,8675,10.5
succeed.v,156,8831,10.69
increase.v,155,8986,10.88
understand.v,154,9140,11.07
watch.v,150,9290,11.25
praise.v,149,9439,11.43
scream.v,149,9588,11.61
crawl.v,148,9736,11.79
smell.v,147,9883,11.97
avoid.v,147,10030,12.14
hear.v,147,10177,12.32
get.v,147,10324,12.5
grow.v,146,10470,12.68
express.v,145,10615,12.85
there be.v,145,10760,13.03
fall.v,145,10905,13.2
build.v,144,11049,13.38
drop.v,143,11192,13.55
learn.v,139,11331,13.72
justify.v,138,11469,13.89
follow.v,138,11607,14.05
stagger.v,138,11745,14.22
rise.v,137,11882,14.39
wait.v,135,12017,14.55
rule.v,134,12151,14.71
meet.v,134,12285,14.87
come.v,133,12418,15.03
believe.v,133,12551,15.2
disappear.v,129,12680,15.35
climb.v,128,12808,15.51
take place.v,127,12935,15.66
include.v,126,13061,15.81
shout.v,126,13187,15.97
push.v,126,13313,16.12
admire.v,125,13438,16.27
order.v,124,13562,16.42
add.v,124,13686,16.57
might.v,124,13810,16.72
remain.v,124,13934,16.87
create.v,123,14057,17.02
provide.v,123,14180,17.17
replace.v,123,14303,17.32
discuss.v,122,14425,17.46
blame.v,122,14547,17.61
escape.v,122,14669,17.76
think.v,122,14791,17.91
serve.v,122,14913,18.06
study.v,121,15034,18.2
steal.v,120,15154,18.35
depend.v,120,15274,18.49
tie.v,119,15393,18.64
reach.v,119,15512,18.78
guess.v,118,15630,18.92
hop.v,118,15748,19.07
break.v,118,15866,19.21
employ.v,117,15983,19.35
stride.v,116,16099,19.49
cause.v,115,16214,19.63
want.v,115,16329,19.77
lift.v,115,16444,19.91
tiptoe.v,115,16559,20.05
slam.v,113,16672,20.18
predict.v,113,16785,20.32
shake.v,112,16897,20.46
reply.v,112,17009,20.59
receive.v,112,17121,20.73
sell.v,111,17232,20.86
argue.v,111,17343,21.0
report.v,111,17454,21.13
read.v,111,17565,21.27
sit.v,110,17675,21.4
lead.v,109,17784,21.53
stand.v,108,17892,21.66
perceive.v,108,18000,21.79
walk.v,107,18107,21.92
acquire.v,107,18214,22.05
run.v,106,18320,22.18
shuffle.v,105,18425,22.31
admit.v,105,18530,22.43
define.v,104,18634,22.56
lean.v,104,18738,22.69
purchase.v,104,18842,22.81
fire.v,103,18945,22.94
sign.v,103,19048,23.06
train.v,102,19150,23.18
march.v,101,19251,23.31
bend.v,101,19352,23.43
promise.v,101,19453,23.55
smack.v,101,19554,23.67
lose.v,101,19655,23.8
work.v,100,19755,23.92
must.v,100,19855,24.04
search.v,99,19954,24.16
leap.v,99,20053,24.28
buy.v,99,20152,24.4
confide.v,99,20251,24.52
fly.v,99,20350,24.64
travel.v,98,20448,24.76
cross.v,98,20546,24.87
demolish.v,98,20644,24.99
treat.v,97,20741,25.11
beg.v,97,20838,25.23
cut.v,97,20935,25.35
beat.v,97,21032,25.46
prove.v,97,21129,25.58
swing.v,97,21226,25.7
remember.v,97,21323,25.82
bring.v,97,21420,25.93
envy.v,96,21516,26.05
deny.v,96,21612,26.17
spot.v,96,21708,26.28
lie.v,95,21803,26.4
reveal.v,94,21897,26.51
talk.v,94,21991,26.62
call.v,93,22084,26.74
skip.v,93,22177,26.85
ring.v,93,22270,26.96
seek.v,93,22363,27.07
rip.v,93,22456,27.19
conclude.v,92,22548,27.3
continue.v,92,22640,27.41
agree.v,92,22732,27.52
scurry.v,91,22823,27.63
address.v,91,22914,27.74
note.v,91,23005,27.85
stay.v,91,23096,27.96
refer.v,91,23187,28.07
rattle.v,90,23277,28.18
go.v,90,23367,28.29
mutter.v,90,23457,28.4
win.v,90,23547,28.51
recommend.v,90,23637,28.62
detect.v,90,23727,28.73
drive.v,90,23817,28.84
stroll.v,90,23907,28.94
clatter.v,90,23997,29.05
discover.v,89,24086,29.16
voice.v,89,24175,29.27
scramble.v,88,24263,29.38
put.v,87,24350,29.48
arrive.v,87,24437,29.59
ridicule.v,87,24524,29.69
shine.v,87,24611,29.8
rape.v,87,24698,29.9
fling.v,87,24785,30.01
speak.v,86,24871,30.11
abduct.v,86,24957,30.22
wake.v,85,25042,30.32
declare.v,85,25127,30.42
toss.v,85,25212,30.52
wander.v,84,25296,30.63
dance.v,84,25380,30.73
withdraw.v,84,25464,30.83
plant.v,84,25548,30.93
detonate.v,84,25632,31.03
slither.v,83,25715,31.13
target.v,83,25798,31.23
fight.v,83,25881,31.33
smile.v,82,25963,31.43
announce.v,82,26045,31.53
plod.v,82,26127,31.63
tramp.v,82,26209,31.73
sing.v,82,26291,31.83
punch.v,81,26372,31.93
indicate.v,81,26453,32.03
keep.v,81,26534,32.12
burn.v,81,26615,32.22
explain.v,81,26696,32.32
had better.v,81,26777,32.42
advise.v,81,26858,32.52
do.v,81,26939,32.61
cover.v,81,27020,32.71
stamp.v,81,27101,32.81
depart.v,81,27182,32.91
act.v,81,27263,33.01
tug.v,80,27343,33.1
head.v,80,27423,33.2
stab.v,80,27503,33.3
expect.v,79,27582,33.39
cycle.v,79,27661,33.49
capture.v,79,27740,33.58
risk.v,79,27819,33.68
should.v,79,27898,33.78
fail.v,79,27977,33.87
expand.v,79,28056,33.97
deal.v,79,28135,34.06
snatch.v,78,28213,34.16
hurry.v,78,28291,34.25
fold.v,78,28369,34.35
grab.v,78,28447,34.44
name.v,77,28524,34.53
play.v,77,28601,34.63
estimate.v,77,28678,34.72
whisper.v,77,28755,34.81
arrest.v,77,28832,34.91
pad.v,76,28908,35.0
recall.v,76,28984,35.09
spring.v,76,29060,35.18
supply.v,76,29136,35.27
descend.v,76,29212,35.37
roll.v,76,29288,35.46
generate.v,76,29364,35.55
seem.v,76,29440,35.64
design.v,75,29515,35.73
obtain.v,75,29590,35.82
take off.v,75,29665,35.92
dislike.v,75,29740,36.01
sprint.v,75,29815,36.1
warn.v,75,29890,36.19
vanish.v,74,29964,36.28
possess.v,74,30038,36.37
saunter.v,74,30112,36.46
hobble.v,73,30185,36.54
clamber.v,73,30258,36.63
hang.v,73,30331,36.72
roam.v,73,30404,36.81
wave.v,73,30477,36.9
scamper.v,73,30550,36.99
clash.v,73,30623,37.08
deride.v,73,30696,37.16
permit.v,73,30769,37.25
taste.v,73,30842,37.34
like.v,73,30915,37.43
dart.v,72,30987,37.52
hate.v,72,31059,37.6
scuttle.v,72,31131,37.69
move.v,72,31203,37.78
sneak.v,72,31275,37.86
jump.v,72,31347,37.95
gasp.v,72,31419,38.04
respond.v,71,31490,38.12
manufacture.v,71,31561,38.21
dry.v,71,31632,38.3
file.v,71,31703,38.38
stumble.v,71,31774,38.47
kneel.v,71,31845,38.55
hurt.v,71,31916,38.64
flee.v,70,31986,38.73
contact.v,70,32056,38.81
jerk.v,70,32126,38.89
exercise.v,70,32196,38.98
kidnap.v,70,32266,39.06
spread.v,70,32336,39.15
rehearse.v,70,32406,39.23
start.v,70,32476,39.32
slap.v,70,32546,39.4
substitute.v,70,32616,39.49
mention.v,70,32686,39.57
explode.v,69,32755,39.66
evade.v,69,32824,39.74
comprehend.v,69,32893,39.82
press.v,69,32962,39.91
join.v,69,33031,39.99
retreat.v,69,33100,40.07
accuse.v,69,33169,40.16
answer.v,69,33238,40.24
visit.v,69,33307,40.32
pay.v,69,33376,40.41
pledge.v,68,33444,40.49
construct.v,68,33512,40.57
investigate.v,68,33580,40.66
decline.v,68,33648,40.74
request.v,68,33716,40.82
strip.v,68,33784,40.9
strut.v,68,33852,40.98
whine.v,68,33920,41.07
pace.v,68,33988,41.15
remove.v,67,34055,41.23
splash.v,67,34122,41.31
place.v,67,34189,41.39
need.v,67,34256,41.47
arrange.v,67,34323,41.55
come together.v,67,34390,41.64
delay.v,67,34457,41.72
grin.v,67,34524,41.8
destroy.v,67,34591,41.88
rustle.v,66,34657,41.96
murmur.v,66,34723,42.04
screech.v,66,34789,42.12
lumber.v,66,34855,42.2
yell.v,66,34921,42.28
flow.v,65,34986,42.36
set off.v,65,35051,42.44
sense.v,65,35116,42.51
paint.v,65,35181,42.59
batter.v,64,35245,42.67
mumble.v,64,35309,42.75
clear.v,64,35373,42.83
retort.v,64,35437,42.9
imagine.v,64,35501,42.98
limp.v,64,35565,43.06
nod.v,64,35629,43.14
probe.v,64,35693,43.21
support.v,64,35757,43.29
dip.v,63,35820,43.37
restructure.v,63,35883,43.44
kick.v,63,35946,43.52
dash.v,63,36009,43.6
glance.v,63,36072,43.67
exist.v,63,36135,43.75
export.v,62,36197,43.82
tear.v,62,36259,43.9
stop.v,62,36321,43.97
chase.v,62,36383,44.05
combine.v,62,36445,44.12
inject.v,62,36507,44.2
nick.v,62,36569,44.27
scan.v,62,36631,44.35
lurch.v,61,36692,44.42
thunder.v,61,36753,44.5
characterize.v,61,36814,44.57
wade.v,61,36875,44.64
solve.v,61,36936,44.72
convict.v,61,36997,44.79
trot.v,61,37058,44.87
plummet.v,61,37119,44.94
thank.v,61,37180,45.01
smash.v,60,37240,45.09
end.v,60,37300,45.16
drag.v,60,37360,45.23
appoint.v,60,37420,45.3
row.v,60,37480,45.38
enter.v,60,37540,45.45
seize.v,60,37600,45.52
regard.v,60,37660,45.59
inform.v,60,37720,45.67
chant.v,60,37780,45.74
put on.v,60,37840,45.81
glitter.v,60,37900,45.89
heal.v,59,37959,45.96
hijack.v,59,38018,46.03
creep.v,59,38077,46.1
resolve.v,59,38136,46.17
moan.v,59,38195,46.24
allow.v,59,38254,46.31
happen.v,58,38312,46.38
trudge.v,58,38370,46.45
anticipate.v,58,38428,46.52
ascertain.v,58,38486,46.59
leak.v,58,38544,46.67
transfer.v,58,38602,46.74
soak.v,58,38660,46.81
establish.v,58,38718,46.88
thrust.v,58,38776,46.95
glow.v,58,38834,47.02
await.v,57,38891,47.09
insist.v,57,38948,47.15
donate.v,57,39005,47.22
crush.v,57,39062,47.29
turn.v,57,39119,47.36
freeze.v,57,39176,47.43
hiss.v,57,39233,47.5
warm.v,57,39290,47.57
creak.v,57,39347,47.64
soar.v,56,39403,47.71
shock.v,56,39459,47.77
threaten.v,56,39515,47.84
breathe.v,56,39571,47.91
squat.v,56,39627,47.98
chatter.v,56,39683,48.04
set out.v,56,39739,48.11
attempt.v,56,39795,48.18
edge.v,56,39851,48.25
howl.v,56,39907,48.32
behave.v,55,39962,48.38
bellow.v,55,40017,48.45
bustle.v,55,40072,48.52
label.v,55,40127,48.58
peer.v,55,40182,48.65
question.v,55,40237,48.71
drown.v,55,40292,48.78
heat.v,55,40347,48.85
ferry.v,55,40402,48.91
waddle.v,55,40457,48.98
realize.v,55,40512,49.05
castigate.v,55,40567,49.11
stretch.v,54,40621,49.18
film.v,54,40675,49.25
stare.v,54,40729,49.31
quit.v,54,40783,49.38
insert.v,54,40837,49.44
verify.v,54,40891,49.51
demand.v,54,40945,49.57
crouch.v,53,40998,49.64
claim.v,53,41051,49.7
trundle.v,53,41104,49.76
regret.v,53,41157,49.83
bolt.v,53,41210,49.89
ponder.v,53,41263,49.96
rebuke.v,53,41316,50.02
peep.v,53,41369,50.09
achieve.v,53,41422,50.15
complete.v,52,41474,50.21
cook.v,52,41526,50.28
advocate.v,52,41578,50.34
pack.v,52,41630,50.4
gaze.v,52,41682,50.46
thump.v,52,41734,50.53
return.v,52,41786,50.59
forecast.v,52,41838,50.65
require.v,52,41890,50.72
reckon.v,52,41942,50.78
stick.v,52,41994,50.84
crunch.v,51,42045,50.9
give.v,51,42096,50.97
got to.v,51,42147,51.03
cost.v,51,42198,51.09
separate.v,51,42249,51.15
rap.v,51,42300,51.21
escort.v,51,42351,51.27
venture.v,51,42402,51.34
delight.v,51,42453,51.4
melt.v,51,42504,51.46
command.v,51,42555,51.52
devastate.v,51,42606,51.58
injure.v,51,42657,51.64
confront.v,51,42708,51.71
participate.v,51,42759,51.77
jog.v,51,42810,51.83
state.v,50,42860,51.89
plunge.v,50,42910,51.95
pick.v,50,42960,52.01
decrease.v,50,43010,52.07
lope.v,50,43060,52.13
mock.v,50,43110,52.19
count.v,50,43160,52.25
suspect.v,50,43210,52.31
rain.v,50,43260,52.37
troop.v,50,43310,52.44
operate.v,50,43360,52.5
examine.v,50,43410,52.56
punish.v,50,43460,52.62
raise.v,50,43510,52.68
abandon.v,50,43560,52.74
blink.v,50,43610,52.8
aim.v,50,43660,52.86
classify.v,50,43710,52.92
accomplish.v,50,43760,52.98
dwindle.v,49,43809,53.04
deliver.v,49,43858,53.1
stalk.v,49,43907,53.16
stuff.v,49,43956,53.22
lodge.v,49,44005,53.28
invent.v,49,44054,53.34
halt.v,49,44103,53.4
snort.v,49,44152,53.45
secrete.v,49,44201,53.51
chuckle.v,49,44250,53.57
rely.v,49,44299,53.63
remind.v,49,44348,53.69
grill.v,49,44397,53.75
buzz.v,49,44446,53.81
presume.v,49,44495,53.87
slink.v,49,44544,53.93
long.v,49,44593,53.99
stream.v,48,44641,54.05
test.v,48,44689,54.1
set up.v,48,44737,54.16
fasten.v,48,44785,54.22
rehabilitate.v,48,44833,54.28
drain.v,48,44881,54.34
drape.v,48,44929,54.4
squeak.v,48,44977,54.45
counter.v,48,45025,54.51
offend.v,48,45073,54.57
wail.v,48,45121,54.63
wind.v,48,45169,54.69
violate.v,48,45217,54.74
account.v,48,45265,54.8
submit.v,47,45312,54.86
wriggle.v,47,45359,54.92
consider.v,47,45406,54.97
communicate.v,47,45453,55.03
storm.v,47,45500,55.09
describe.v,47,45547,55.14
articulate.v,47,45594,55.2
caution.v,47,45641,55.26
love.v,47,45688,55.31
kneel down.v,47,45735,55.37
traverse.v,47,45782,55.43
compose.v,47,45829,55.49
book.v,47,45876,55.54
squeal.v,47,45923,55.6
grunt.v,46,45969,55.65
cure.v,46,46015,55.71
complain.v,46,46061,55.77
volunteer.v,46,46107,55.82
adore.v,46,46153,55.88
hide.v,46,46199,55.93
usher.v,46,46245,55.99
pluck.v,46,46291,56.04
deliberate.v,46,46337,56.1
confirm.v,46,46383,56.16
bark.v,46,46429,56.21
differentiate.v,46,46475,56.27
carry.v,46,46521,56.32
devise.v,46,46567,56.38
growl.v,46,46613,56.43
topple.v,45,46658,56.49
patrol.v,45,46703,56.54
send.v,45,46748,56.6
emerge.v,45,46793,56.65
haul.v,45,46838,56.71
pump.v,45,46883,56.76
back.v,45,46928,56.82
proceed.v,45,46973,56.87
simmer.v,45,47018,56.92
jab.v,45,47063,56.98
tuck.v,45,47108,57.03
pursue.v,45,47153,57.09
surpass.v,45,47198,57.14
sip.v,45,47243,57.2
air.v,45,47288,57.25
undertake.v,45,47333,57.31
foresee.v,45,47378,57.36
recognize.v,45,47423,57.41
shove.v,45,47468,57.47
conceive.v,45,47513,57.52
total.v,45,47558,57.58
depends.v,45,47603,57.63
prowl.v,44,47647,57.69
load.v,44,47691,57.74
class.v,44,47735,57.79
elect.v,44,47779,57.85
born.v,44,47823,57.9
eliminate.v,44,47867,57.95
woo.v,44,47911,58.01
float.v,44,47955,58.06
fix.v,44,47999,58.11
radiate.v,44,48043,58.17
dread.v,44,48087,58.22
double.v,44,48131,58.27
commute.v,44,48175,58.33
knead.v,44,48219,58.38
pinch.v,44,48263,58.43
allege.v,44,48307,58.49
sleep.v,44,48351,58.54
discern.v,44,48395,58.59
disarm.v,44,48439,58.64
paddle.v,44,48483,58.7
rent.v,44,48527,58.75
recount.v,44,48571,58.8
reprimand.v,43,48614,58.86
categorize.v,43,48657,58.91
smoke.v,43,48700,58.96
inhibit.v,43,48743,59.01
commence.v,43,48786,59.07
tread.v,43,48829,59.12
affirm.v,43,48872,59.17
approach.v,43,48915,59.22
sprinkle.v,43,48958,59.27
ache.v,43,49001,59.33
distinguish.v,43,49044,59.38
invade.v,43,49087,59.43
sniff.v,42,49129,59.48
assess.v,42,49171,59.53
advance.v,42,49213,59.58
boast.v,42,49255,59.63
determine.v,42,49297,59.68
die.v,42,49339,59.73
accompany.v,42,49381,59.79
hasten.v,42,49423,59.84
contemplate.v,42,49465,59.89
swagger.v,42,49507,59.94
bang.v,42,49549,59.99
fear.v,42,49591,60.04
activate.v,42,49633,60.09
click.v,42,49675,60.14
worry.v,42,49717,60.19
emit.v,42,49759,60.24
spray.v,42,49801,60.29
totter.v,42,49843,60.34
occupy.v,42,49885,60.4
rule out.v,42,49927,60.45
crash.v,42,49969,60.5
convey.v,42,50011,60.55
prevent.v,42,50053,60.6
assist.v,41,50094,60.65
modify.v,41,50135,60.7
contain.v,41,50176,60.75
propose.v,41,50217,60.8
differ.v,41,50258,60.85
conduct.v,41,50299,60.9
hire.v,41,50340,60.95
purr.v,41,50381,61.0
fault.v,41,50422,61.05
trickle.v,41,50463,61.1
chat.v,41,50504,61.15
ratify.v,41,50545,61.19
originate.v,41,50586,61.24
cease.v,41,50627,61.29
flit.v,41,50668,61.34
formulate.v,41,50709,61.39
drink.v,41,50750,61.44
own.v,41,50791,61.49
gain.v,41,50832,61.54
fill.v,41,50873,61.59
cry.v,41,50914,61.64
marry.v,41,50955,61.69
dominate.v,41,50996,61.74
spill.v,41,51037,61.79
yank.v,40,51077,61.84
shoot.v,40,51117,61.89
snarl.v,40,51157,61.94
twitch.v,40,51197,61.98
smuggle.v,40,51237,62.03
scrutinize.v,40,51277,62.08
drawl.v,40,51317,62.13
bake.v,40,51357,62.18
amount.v,40,51397,62.23
chastise.v,40,51437,62.27
roar.v,40,51477,62.32
spatter.v,40,51517,62.37
stomp.v,40,51557,62.42
whimper.v,40,51597,62.47
reward.v,40,51637,62.52
value.v,40,51677,62.57
flash.v,40,51717,62.61
instruct.v,40,51757,62.66
lay.v,40,51797,62.71
smear.v,40,51837,62.76
remark.v,40,51877,62.81
disclose.v,39,51916,62.85
intercept.v,39,51955,62.9
babble.v,39,51994,62.95
swear.v,39,52033,63.0
contravene.v,39,52072,63.04
reproduce.v,39,52111,63.09
concoct.v,39,52150,63.14
lower.v,39,52189,63.19
commend.v,39,52228,63.23
hurl.v,39,52267,63.28
hunt.v,39,52306,63.33
dwell.v,39,52345,63.37
merge.v,39,52384,63.42
drift.v,39,52423,63.47
retaliate.v,39,52462,63.52
sow.v,39,52501,63.56
comment.v,39,52540,63.61
rocket.v,39,52579,63.66
coin.v,39,52618,63.7
pioneer.v,39,52657,63.75
phrase.v,39,52696,63.8
utilise.v,39,52735,63.85
grasp.v,39,52774,63.89
may.v,39,52813,63.94
circle.v,39,52852,63.99
pull off.v,39,52891,64.04
slide.v,39,52930,64.08
empty.v,38,52968,64.13
wag.v,38,53006,64.17
groan.v,38,53044,64.22
dislodge.v,38,53082,64.27
exit.v,38,53120,64.31
mouth.v,38,53158,64.36
import.v,38,53196,64.4
clutch.v,38,53234,64.45
discharge.v,38,53272,64.5
view.v,38,53310,64.54
gossip.v,38,53348,64.59
couch.v,38,53386,64.63
deduce.v,38,53424,64.68
change.v,38,53462,64.73
rob.v,38,53500,64.77
frighten.v,38,53538,64.82
transform.v,38,53576,64.86
desert.v,38,53614,64.91
conceal.v,38,53652,64.96
battle.v,38,53690,65.0
hold.v,38,53728,65.05
research.v,38,53766,65.09
glint.v,38,53804,65.14
intimidate.v,37,53841,65.19
implore.v,37,53878,65.23
desire.v,37,53915,65.27
reassure.v,37,53952,65.32
weave.v,37,53989,65.36
adorn.v,37,54026,65.41
rival.v,37,54063,65.45
plead.v,37,54100,65.5
cite.v,37,54137,65.54
pile.v,37,54174,65.59
skirt.v,37,54211,65.63
stoop.v,37,54248,65.68
amass.v,37,54285,65.72
prance.v,37,54322,65.77
berate.v,37,54359,65.81
hand.v,37,54396,65.86
gleam.v,37,54433,65.9
demonstrate.v,37,54470,65.95
seep.v,37,54507,65.99
divulge.v,37,54544,66.04
inquire.v,37,54581,66.08
extract.v,37,54618,66.13
rank.v,37,54655,66.17
diminish.v,37,54692,66.22
blast.v,37,54729,66.26
guide.v,37,54766,66.31
copy.v,37,54803,66.35
grate.v,37,54840,66.39
query.v,36,54876,66.44
park.v,36,54912,66.48
surrender.v,36,54948,66.53
assemble.v,36,54984,66.57
grind.v,36,55020,66.61
flap.v,36,55056,66.66
belong.v,36,55092,66.7
arise.v,36,55128,66.74
wash.v,36,55164,66.79
tell off.v,36,55200,66.83
doubt.v,36,55236,66.87
trek.v,36,55272,66.92
lament.v,36,55308,66.96
commit.v,36,55344,67.0
evoke.v,36,55380,67.05
split.v,36,55416,67.09
finish.v,36,55452,67.14
shiver.v,35,55487,67.18
vacate.v,35,55522,67.22
pretend.v,35,55557,67.26
suspend.v,35,55592,67.31
imprison.v,35,55627,67.35
overrun.v,35,55662,67.39
yield.v,35,55697,67.43
chide.v,35,55732,67.47
expel.v,35,55767,67.52
scold.v,35,55802,67.56
occur.v,35,55837,67.6
position.v,35,55872,67.64
sparkle.v,35,55907,67.69
discard.v,35,55942,67.73
wake up.v,35,55977,67.77
applaud.v,35,56012,67.81
grumble.v,35,56047,67.86
skulk.v,35,56082,67.9
disparage.v,35,56117,67.94
mature.v,35,56152,67.98
attend.v,35,56187,68.03
comfort.v,35,56222,68.07
assure.v,35,56257,68.11
attack.v,35,56292,68.15
divorce.v,35,56327,68.19
rotate.v,34,56361,68.24
denigrate.v,34,56395,68.28
tackle.v,34,56429,68.32
brood.v,34,56463,68.36
tutor.v,34,56497,68.4
crowd.v,34,56531,68.44
trouble.v,34,56565,68.48
transport.v,34,56599,68.52
pull.v,34,56633,68.57
gabble.v,34,56667,68.61
despise.v,34,56701,68.65
perish.v,34,56735,68.69
infer.v,34,56769,68.73
distress.v,34,56803,68.77
shriek.v,34,56837,68.81
adopt.v,34,56871,68.85
fumble.v,34,56905,68.89
detain.v,34,56939,68.94
censure.v,34,56973,68.98
ship.v,34,57007,69.02
resemble.v,34,57041,69.06
jet.v,34,57075,69.1
baptize.v,34,57109,69.14
locate.v,34,57143,69.18
chug.v,34,57177,69.22
assert.v,34,57211,69.27
lease.v,34,57245,69.31
acknowledge.v,34,57279,69.35
prohibit.v,34,57313,69.39
lecture.v,34,57347,69.43
underline.v,34,57381,69.47
sympathize.v,34,57415,69.51
attest.v,34,57449,69.55
stress.v,33,57482,69.59
fascinate.v,33,57515,69.63
shrink.v,33,57548,69.67
pedal.v,33,57581,69.71
motor.v,33,57614,69.75
avenge.v,33,57647,69.79
chuck.v,33,57680,69.83
snake.v,33,57713,69.87
yelp.v,33,57746,69.91
fake.v,33,57779,69.95
break out.v,33,57812,69.99
glisten.v,33,57845,70.03
trail.v,33,57878,70.07
assassinate.v,33,57911,70.11
rasp.v,33,57944,70.15
sit up.v,33,57977,70.19
cram.v,33,58010,70.23
flounce.v,33,58043,70.27
cackle.v,33,58076,70.31
shower.v,33,58109,70.35
lunge.v,33,58142,70.39
gurgle.v,33,58175,70.43
emigrate.v,33,58208,70.47
annihilate.v,33,58241,70.51
thwart.v,33,58274,70.55
dodge.v,33,58307,70.59
grimace.v,33,58340,70.63
squeeze.v,32,58372,70.67
flare.v,32,58404,70.71
evaporate.v,32,58436,70.75
exhale.v,32,58468,70.79
tour.v,32,58500,70.83
converse.v,32,58532,70.86
sprawl.v,32,58564,70.9
settle.v,32,58596,70.94
purge.v,32,58628,70.98
unload.v,32,58660,71.02
discriminate.v,32,58692,71.06
wrap.v,32,58724,71.1
tickle.v,32,58756,71.14
charge.v,32,58788,71.17
proclaim.v,32,58820,71.21
decry.v,32,58852,71.25
prise.v,32,58884,71.29
reside.v,32,58916,71.33
boil.v,32,58948,71.37
resign.v,32,58980,71.41
reiterate.v,32,59012,71.45
practice.v,32,59044,71.48
sound.v,32,59076,71.52
tingle.v,32,59108,71.56
appreciate.v,32,59140,71.6
fret.v,32,59172,71.64
huddle.v,32,59204,71.68
gulp.v,32,59236,71.72
shrug.v,32,59268,71.76
bawl.v,32,59300,71.79
rumble.v,32,59332,71.83
flicker.v,31,59363,71.87
loathe.v,31,59394,71.91
mourn.v,31,59425,71.95
mount.v,31,59456,71.98
meander.v,31,59487,72.02
farm.v,31,59518,72.06
insult.v,31,59549,72.1
stigmatize.v,31,59580,72.13
stockpile.v,31,59611,72.17
meditate.v,31,59642,72.21
frown.v,31,59673,72.25
store.v,31,59704,72.28
admonish.v,31,59735,72.32
murder.v,31,59766,72.36
clang.v,31,59797,72.4
suffer.v,31,59828,72.43
confiscate.v,31,59859,72.47
romp.v,31,59890,72.51
unite.v,31,59921,72.55
belittle.v,31,59952,72.58
protect.v,31,59983,72.62
bleat.v,31,60014,72.66
crave.v,31,60045,72.7
shred.v,31,60076,72.73
ambush.v,31,60107,72.77
hand in.v,31,60138,72.81
hinge.v,31,60169,72.85
accede.v,31,60200,72.88
emphasize.v,31,60231,72.92
deploy.v,31,60262,72.96
postpone.v,31,60293,73.0
deplore.v,31,60324,73.03
sting.v,30,60354,73.07
alleviate.v,30,60384,73.11
pelt.v,30,60414,73.14
calm.v,30,60444,73.18
eat.v,30,60474,73.22
interest.v,30,60504,73.25
slay.v,30,60534,73.29
suffice.v,30,60564,73.32
damage.v,30,60594,73.36
repel.v,30,60624,73.4
placate.v,30,60654,73.43
precede.v,30,60684,73.47
pity.v,30,60714,73.51
skim.v,30,60744,73.54
swerve.v,30,60774,73.58
inspect.v,30,60804,73.62
sidle.v,30,60834,73.65
notify.v,30,60864,73.69
obstruct.v,30,60894,73.72
blow.v,30,60924,73.76
sentence.v,30,60954,73.8
man.v,30,60984,73.83
hinder.v,30,61014,73.87
awake.v,30,61044,73.91
oust.v,30,61074,73.94
swarm.v,30,61104,73.98
dispatch.v,30,61134,74.01
inhale.v,30,61164,74.05
surprise.v,30,61194,74.09
flex.v,30,61224,74.12
intrigue.v,30,61254,74.16
telephone.v,30,61284,74.2
hound.v,30,61314,74.23
flog.v,30,61344,74.27
slaughter.v,30,61374,74.31
deposit.v,30,61404,74.34
amble.v,29,61433,74.38
retain.v,29,61462,74.41
reflect.v,29,61491,74.45
dent.v,29,61520,74.48
humiliate.v,29,61549,74.52
word.v,29,61578,74.55
reverberate.v,29,61607,74.59
croak.v,29,61636,74.62
traipse.v,29,61665,74.66
wrinkle.v,29,61694,74.69
shave.v,29,61723,74.73
chop.v,29,61752,74.76
judge.v,29,61781,74.8
torture.v,29,61810,74.83
yearn.v,29,61839,74.87
find out.v,29,61868,74.9
obey.v,29,61897,74.94
motion.v,29,61926,74.97
vibrate.v,29,61955,75.01
splutter.v,29,61984,75.04
embed.v,29,62013,75.08
starve.v,29,62042,75.11
thud.v,29,62071,75.15
undergo.v,29,62100,75.18
stammer.v,29,62129,75.22
pout.v,29,62158,75.25
persuade.v,29,62187,75.29
relate.v,28,62215,75.32
thrive.v,28,62243,75.36
tear up.v,28,62271,75.39
scorn.v,28,62299,75.43
shoot down.v,28,62327,75.46
resume.v,28,62355,75.49
vow.v,28,62383,75.53
piece together.v,28,62411,75.56
stone.v,28,62439,75.59
convince.v,28,62467,75.63
encourage.v,28,62495,75.66
interpret.v,28,62523,75.7
clink.v,28,62551,75.73
defend.v,28,62579,75.76
ransack.v,28,62607,75.8
coach.v,28,62635,75.83
accumulate.v,28,62663,75.87
pull on.v,28,62691,75.9
peel.v,28,62719,75.93
fuse.v,28,62747,75.97
puff.v,28,62775,76.0
suppose.v,28,62803,76.04
waggle.v,28,62831,76.07
aid.v,28,62859,76.1
disconcert.v,28,62887,76.14
quiz.v,28,62915,76.17
install.v,28,62943,76.2
link.v,27,62970,76.24
survey.v,27,62997,76.27
relinquish.v,27,63024,76.3
rub.v,27,63051,76.34
overthrow.v,27,63078,76.37
evacuate.v,27,63105,76.4
decide.v,27,63132,76.43
barge.v,27,63159,76.47
lie down.v,27,63186,76.5
cool.v,27,63213,76.53
form.v,27,63240,76.56
upset.v,27,63267,76.6
wink.v,27,63294,76.63
hoot.v,27,63321,76.66
hand over.v,27,63348,76.7
stand up.v,27,63375,76.73
direct.v,27,63402,76.76
nickname.v,27,63429,76.79
oppose.v,27,63456,76.83
charm.v,27,63483,76.86
drop in.v,27,63510,76.89
cock.v,27,63537,76.92
hand out.v,27,63564,76.96
toddle.v,27,63591,76.99
rave.v,27,63618,77.02
implement.v,27,63645,77.05
disapprove.v,27,63672,77.09
blow up.v,27,63699,77.12
take to task.v,27,63726,77.15
pounce.v,27,63753,77.19
exclaim.v,27,63780,77.22
startle.v,27,63807,77.25
terminate.v,27,63834,77.28
fine.v,27,63861,77.32
veer.v,27,63888,77.35
reduce.v,27,63915,77.38
grieve.v,27,63942,77.41
evaluate.v,27,63969,77.45
crane.v,26,63995,77.48
gesture.v,26,64021,77.51
type.v,26,64047,77.54
tend.v,26,64073,77.57
irk.v,26,64099,77.6
consent.v,26,64125,77.64
carve.v,26,64151,77.67
scowl.v,26,64177,77.7
inhabit.v,26,64203,77.73
draft.v,26,64229,77.76
thicken.v,26,64255,77.79
overhaul.v,26,64281,77.82
camp.v,26,64307,77.86
profess.v,26,64333,77.89
manage.v,26,64359,77.92
dribble.v,26,64385,77.95
match.v,26,64411,77.98
drip.v,26,64437,78.01
rant.v,26,64463,78.05
execute.v,26,64489,78.08
jam.v,26,64515,78.11
detach.v,26,64541,78.14
flood.v,26,64567,78.17
stow.v,26,64593,78.2
flourish.v,26,64619,78.23
coat.v,26,64645,78.27
fluctuate.v,26,64671,78.3
embarrass.v,26,64697,78.33
indict.v,26,64723,78.36
listen.v,26,64749,78.39
reproach.v,26,64775,78.42
limit.v,26,64801,78.45
peruse.v,26,64827,78.49
bottle.v,26,64853,78.52
patter.v,26,64879,78.55
interrogate.v,26,64905,78.58
adhere.v,26,64931,78.61
trip.v,26,64957,78.64
taxi.v,25,64982,78.67
implant.v,25,65007,78.7
induce.v,25,65032,78.73
utter.v,25,65057,78.76
chirp.v,25,65082,78.79
depict.v,25,65107,78.82
entertain.v,25,65132,78.86
spark.v,25,65157,78.89
vault.v,25,65182,78.92
preach.v,25,65207,78.95
preclude.v,25,65232,78.98
coincide.v,25,65257,79.01
divide.v,25,65282,79.04
disprove.v,25,65307,79.07
smirk.v,25,65332,79.1
puzzle.v,25,65357,79.13
attach.v,25,65382,79.16
detest.v,25,65407,79.19
despair.v,25,65432,79.22
reign.v,25,65457,79.25
untie.v,25,65482,79.28
rejoin.v,25,65507,79.31
rescue.v,25,65532,79.34
debate.v,25,65557,79.37
beseech.v,25,65582,79.4
restore.v,25,65607,79.43
resuscitate.v,25,65632,79.46
wiggle.v,25,65657,79.49
comply.v,25,65682,79.52
rot.v,25,65707,79.55
rummage.v,25,65732,79.58
scatter.v,25,65757,79.61
condone.v,25,65782,79.64
conquer.v,25,65807,79.67
entreat.v,25,65832,79.7
collide.v,25,65857,79.73
terrify.v,25,65882,79.76
notice.v,25,65907,79.79
light.v,25,65932,79.82
flout.v,25,65957,79.85
fry.v,25,65982,79.88
squawk.v,25,66007,79.91
extradite.v,25,66032,79.94
muse.v,25,66057,79.98
surmise.v,25,66082,80.01
adjoin.v,25,66107,80.04
incapacitate.v,24,66131,80.06
cough.v,24,66155,80.09
conform.v,24,66179,80.12
gut.v,24,66203,80.15
apply.v,24,66227,80.18
identify.v,24,66251,80.21
beckon.v,24,66275,80.24
breach.v,24,66299,80.27
defrost.v,24,66323,80.3
maim.v,24,66347,80.33
defer.v,24,66371,80.36
defeat.v,24,66395,80.38
brag.v,24,66419,80.41
erect.v,24,66443,80.44
frame.v,24,66467,80.47
summon.v,24,66491,80.5
team up.v,24,66515,80.53
harden.v,24,66539,80.56
laud.v,24,66563,80.59
retail.v,24,66587,80.62
covet.v,24,66611,80.65
amaze.v,24,66635,80.67
massage.v,24,66659,80.7
secure.v,24,66683,80.73
star.v,24,66707,80.76
enchant.v,24,66731,80.79
prefer.v,24,66755,80.82
acquit.v,24,66779,80.85
sharpen.v,24,66803,80.88
construe.v,24,66827,80.91
adduce.v,24,66851,80.94
rationalize.v,24,66875,80.97
brush.v,24,66899,80.99
contribute.v,24,66923,81.02
torment.v,24,66947,81.05
twirl.v,24,66971,81.08
waltz.v,24,66995,81.11
christen.v,24,67019,81.14
abound.v,24,67043,81.17
house.v,23,67066,81.2
teem.v,23,67089,81.22
captivate.v,23,67112,81.25
shame.v,23,67135,81.28
behead.v,23,67158,81.31
journey.v,23,67181,81.34
scoot.v,23,67204,81.36
knot.v,23,67227,81.39
outstrip.v,23,67250,81.42
bequeath.v,23,67273,81.45
silence.v,23,67296,81.48
initiate.v,23,67319,81.5
improvise.v,23,67342,81.53
prepare.v,23,67365,81.56
prolong.v,23,67388,81.59
arch.v,23,67411,81.61
purse.v,23,67434,81.64
mull over.v,23,67457,81.67
astonish.v,23,67480,81.7
apprehend.v,23,67503,81.73
maul.v,23,67526,81.75
slice.v,23,67549,81.78
record.v,23,67572,81.81
recover.v,23,67595,81.84
slant.v,23,67618,81.86
make it.v,23,67641,81.89
amalgamate.v,23,67664,81.92
lobby.v,23,67687,81.95
register.v,23,67710,81.98
cascade.v,23,67733,82.0
gush.v,23,67756,82.03
unsettle.v,23,67779,82.06
unnerve.v,23,67802,82.09
crumple.v,23,67825,82.12
echo.v,23,67848,82.14
discourage.v,23,67871,82.17
confine.v,23,67894,82.2
constrain.v,23,67917,82.23
disable.v,23,67940,82.25
go off.v,23,67963,82.28
chill.v,23,67986,82.31
drone.v,23,68009,82.34
end up.v,23,68032,82.37
dust.v,23,68055,82.39
zigzag.v,23,68078,82.42
have to.v,23,68101,82.45
do the trick.v,22,68123,82.48
displease.v,22,68145,82.5
preside.v,22,68167,82.53
enforce.v,22,68189,82.56
cheer.v,22,68211,82.58
disappoint.v,22,68233,82.61
carry out.v,22,68255,82.64
slouch.v,22,68277,82.66
raid.v,22,68299,82.69
range.v,22,68321,82.72
gotta.v,22,68343,82.74
acclaim.v,22,68365,82.77
devour.v,22,68387,82.8
precipitate.v,22,68409,82.82
perfect.v,22,68431,82.85
eclipse.v,22,68453,82.88
elude.v,22,68475,82.9
anoint.v,22,68497,82.93
struggle.v,22,68519,82.96
strengthen.v,22,68541,82.98
fortify.v,22,68563,83.01
approve.v,22,68585,83.04
fabricate.v,22,68607,83.06
nibble.v,22,68629,83.09
bring about.v,22,68651,83.12
squirt.v,22,68673,83.14
exchange.v,22,68695,83.17
bray.v,22,68717,83.2
outdo.v,22,68739,83.22
outline.v,22,68761,83.25
envelop.v,22,68783,83.28
enrage.v,22,68805,83.3
bound.v,22,68827,83.33
gather.v,22,68849,83.36
enlarge.v,22,68871,83.38
sizzle.v,22,68893,83.41
weaken.v,22,68915,83.44
foil.v,22,68937,83.46
shudder.v,22,68959,83.49
abhor.v,22,68981,83.52
coo.v,22,69003,83.54
shadow.v,22,69025,83.57
whistle.v,22,69047,83.6
guard.v,22,69069,83.62
shield.v,22,69091,83.65
impede.v,22,69113,83.67
besiege.v,22,69135,83.7
dare.v,22,69157,83.73
bear.v,22,69179,83.75
thrill.v,22,69201,83.78
survive.v,21,69222,83.81
contradict.v,21,69243,83.83
surround.v,21,69264,83.86
brand.v,21,69285,83.88
aspire.v,21,69306,83.91
pass.v,21,69327,83.93
partition.v,21,69348,83.96
overhear.v,21,69369,83.98
shop.v,21,69390,84.01
assault.v,21,69411,84.04
school.v,21,69432,84.06
scare.v,21,69453,84.09
perturb.v,21,69474,84.11
endanger.v,21,69495,84.14
thaw.v,21,69516,84.16
renounce.v,21,69537,84.19
savour.v,21,69558,84.21
poison.v,21,69579,84.24
concur.v,21,69600,84.26
sadden.v,21,69621,84.29
pacify.v,21,69642,84.32
represent.v,21,69663,84.34
seat.v,21,69684,84.37
exterminate.v,21,69705,84.39
set.v,21,69726,84.42
awaken.v,21,69747,84.44
try out.v,21,69768,84.47
heap.v,21,69789,84.49
bully.v,21,69810,84.52
fathom.v,21,69831,84.54
mollify.v,21,69852,84.57
set fire.v,21,69873,84.6
sum up.v,21,69894,84.62
summarize.v,21,69915,84.65
contend.v,21,69936,84.67
experience.v,21,69957,84.7
undermine.v,21,69978,84.72
lash.v,21,69999,84.75
excrete.v,21,70020,84.77
seethe.v,21,70041,84.8
ooze.v,21,70062,84.82
frustrate.v,21,70083,84.85
opt.v,21,70104,84.87
shimmer.v,21,70125,84.9
knock.v,21,70146,84.93
caress.v,21,70167,84.95
soothe.v,21,70188,84.98
cross-examine.v,21,70209,85.0
crow.v,21,70230,85.03
chew.v,21,70251,85.05
quiver.v,21,70272,85.08
crisscross.v,21,70293,85.1
immerse.v,21,70314,85.13
dine.v,21,70335,85.15
infuriate.v,21,70356,85.18
charter.v,21,70377,85.21
reappraise.v,21,70398,85.23
incorporate.v,21,70419,85.26
reinforce.v,21,70440,85.28
reject.v,21,70461,85.31
defect.v,21,70482,85.33
absorb.v,21,70503,85.36
bicker.v,21,70524,85.38
ford.v,21,70545,85.41
disembark.v,21,70566,85.43
douse.v,21,70587,85.46
pronounce.v,21,70608,85.48
pucker.v,21,70629,85.51
propel.v,21,70650,85.54
duck.v,21,70671,85.56
alter.v,21,70692,85.59
drizzle.v,21,70713,85.61
control.v,20,70733,85.64
decay.v,20,70753,85.66
deprive.v,20,70773,85.68
reek.v,20,70793,85.71
billet.v,20,70813,85.73
spearhead.v,20,70833,85.76
multiply.v,20,70853,85.78
set on fire.v,20,70873,85.81
bore.v,20,70893,85.83
encounter.v,20,70913,85.85
stink.v,20,70933,85.88
skate.v,20,70953,85.9
sob.v,20,70973,85.93
clap.v,20,70993,85.95
whip.v,20,71013,85.98
trumpet.v,20,71033,86.0
appraise.v,20,71053,86.02
confuse.v,20,71073,86.05
decorate.v,20,71093,86.07
lock.v,20,71113,86.1
back out.v,20,71133,86.12
nudge.v,20,71153,86.14
blare.v,20,71173,86.17
astound.v,20,71193,86.19
pull out.v,20,71213,86.22
disturb.v,20,71233,86.24
pardon.v,20,71253,86.27
wager.v,20,71273,86.29
document.v,20,71293,86.31
protest.v,20,71313,86.34
quarrel.v,20,71333,86.36
squander.v,20,71353,86.39
squash.v,20,71373,86.41
evict.v,20,71393,86.44
contrive.v,20,71413,86.46
signal.v,20,71433,86.48
con.v,20,71453,86.51
dab.v,20,71473,86.53
confer.v,20,71493,86.56
perpetrate.v,20,71513,86.58
dilate.v,20,71533,86.6
photograph.v,20,71553,86.63
warrant.v,20,71573,86.65
ascend.v,20,71593,86.68
cultivate.v,20,71613,86.7
herd.v,20,71633,86.73
swipe.v,20,71653,86.75
grab hold.v,20,71673,86.77
impress.v,20,71693,86.8
alarm.v,20,71713,86.82
take after.v,20,71733,86.85
issue.v,20,71753,86.87
joke.v,20,71773,86.9
track.v,20,71793,86.92
irritate.v,20,71813,86.94
knife.v,20,71833,86.97
impersonate.v,20,71853,86.99
give out.v,20,71873,87.02
telex.v,20,71893,87.04
camouflage.v,20,71913,87.06
forgive.v,20,71933,87.09
testify.v,20,71953,87.11
interrupt.v,20,71973,87.14
hearten.v,20,71993,87.16
cajole.v,20,72013,87.19
jail.v,20,72033,87.21
dub.v,19,72052,87.23
bob.v,19,72071,87.26
bluster.v,19,72090,87.28
itch.v,19,72109,87.3
prattle.v,19,72128,87.33
plan.v,19,72147,87.35
eject.v,19,72166,87.37
post.v,19,72185,87.39
plaster.v,19,72204,87.42
slur.v,19,72223,87.44
pitch.v,19,72242,87.46
encumber.v,19,72261,87.49
canoe.v,19,72280,87.51
fume.v,19,72299,87.53
exhort.v,19,72318,87.56
memorise.v,19,72337,87.58
extol.v,19,72356,87.6
fancy.v,19,72375,87.62
tweak.v,19,72394,87.65
feed.v,19,72413,87.67
dismount.v,19,72432,87.69
put into words.v,19,72451,87.72
bewitch.v,19,72470,87.74
refuse.v,19,72489,87.76
authorize.v,19,72508,87.79
aver.v,19,72527,87.81
stun.v,19,72546,87.83
hamper.v,19,72565,87.85
crumble.v,19,72584,87.88
avert.v,19,72603,87.9
shepherd.v,19,72622,87.92
consume.v,19,72641,87.95
commission.v,19,72660,87.97
stutter.v,19,72679,87.99
redefine.v,19,72698,88.02
reaffirm.v,19,72717,88.04
come clean.v,19,72736,88.06
colonize.v,19,72755,88.08
conspire.v,18,72773,88.11
persist.v,18,72791,88.13
twinkle.v,18,72809,88.15
hatch.v,18,72827,88.17
baffle.v,18,72845,88.19
observe.v,18,72863,88.22
chain.v,18,72881,88.24
harvest.v,18,72899,88.26
herald.v,18,72917,88.28
write down.v,18,72935,88.3
disdain.v,18,72953,88.32
ruin.v,18,72971,88.35
hike.v,18,72989,88.37
photocopy.v,18,73007,88.39
save.v,18,73025,88.41
satisfy.v,18,73043,88.43
mimic.v,18,73061,88.45
portray.v,18,73079,88.48
bewilder.v,18,73097,88.5
renew.v,18,73115,88.52
sort.v,18,73133,88.54
dye.v,18,73151,88.56
depose.v,18,73169,88.59
cohabit.v,18,73187,88.61
inflate.v,18,73205,88.63
do away with.v,18,73223,88.65
comb.v,18,73241,88.67
forward.v,18,73259,88.69
annoy.v,18,73277,88.72
feign.v,18,73295,88.74
flutter.v,18,73313,88.76
straggle.v,18,73331,88.78
lengthen.v,18,73349,88.8
affect.v,18,73367,88.83
flatten.v,18,73385,88.85
burrow.v,18,73403,88.87
forbid.v,18,73421,88.89
dehydrate.v,17,73438,88.91
trigger.v,17,73455,88.93
rust.v,17,73472,88.95
have on.v,17,73489,88.97
bless.v,17,73506,88.99
collude.v,17,73523,89.01
equal.v,17,73540,89.03
flock.v,17,73557,89.06
clout.v,17,73574,89.08
stable.v,17,73591,89.1
befall.v,17,73608,89.12
cook up.v,17,73625,89.14
renege.v,17,73642,89.16
figure out.v,17,73659,89.18
excommunicate.v,17,73676,89.2
glue.v,17,73693,89.22
fidget.v,17,73710,89.24
peek.v,17,73727,89.26
cane.v,17,73744,89.28
rumor.v,17,73761,89.3
cordon off.v,17,73778,89.32
deceive.v,17,73795,89.34
organize.v,17,73812,89.36
scoff.v,17,73829,89.38
discipline.v,17,73846,89.41
perplex.v,17,73863,89.43
incite.v,17,73880,89.45
discontinue.v,17,73897,89.47
esteem.v,17,73914,89.49
enlist.v,17,73931,89.51
smoulder.v,17,73948,89.53
enthrall.v,17,73965,89.55
govern.v,17,73982,89.57
materialize.v,17,73999,89.59
bathe.v,17,74016,89.61
influence.v,17,74033,89.63
massacre.v,17,74050,89.65
cleanse.v,17,74067,89.67
war.v,17,74084,89.69
exude.v,17,74101,89.71
fracture.v,17,74118,89.73
elicit.v,17,74135,89.76
dazzle.v,17,74152,89.78
console.v,17,74169,89.8
respire.v,17,74186,89.82
date.v,17,74203,89.84
toll.v,16,74219,89.86
bomb.v,16,74235,89.88
misbehave.v,16,74251,89.9
compliment.v,16,74267,89.91
exasperate.v,16,74283,89.93
smart.v,16,74299,89.95
burble.v,16,74315,89.97
croon.v,16,74331,89.99
catapult.v,16,74347,90.01
fetch.v,16,74363,90.03
compare.v,16,74379,90.05
parade.v,16,74395,90.07
loan.v,16,74411,90.09
snap.v,16,74427,90.11
monitor.v,16,74443,90.13
engage.v,16,74459,90.15
tumble.v,16,74475,90.17
wed.v,16,74491,90.19
bombard.v,16,74507,90.21
accentuate.v,16,74523,90.22
rouse.v,16,74539,90.24
swish.v,16,74555,90.26
rebuff.v,16,74571,90.28
straddle.v,16,74587,90.3
foretell.v,16,74603,90.32
shun.v,16,74619,90.34
board.v,16,74635,90.36
reprocess.v,16,74651,90.38
lend.v,16,74667,90.4
anger.v,16,74683,90.42
gibber.v,16,74699,90.44
strew.v,16,74715,90.46
gobble.v,16,74731,90.48
rile.v,16,74747,90.5
writhe.v,16,74763,90.52
graze.v,16,74779,90.53
twitter.v,16,74795,90.55
experiment.v,16,74811,90.57
sidestep.v,16,74827,90.59
reprove.v,16,74843,90.61
ram.v,16,74859,90.63
hook.v,16,74875,90.65
segregate.v,16,74891,90.67
slip.v,16,74907,90.69
excite.v,16,74923,90.71
write up.v,16,74939,90.73
border.v,15,74954,90.75
bolster.v,15,74969,90.76
rue.v,15,74984,90.78
entice.v,15,74999,90.8
vary.v,15,75014,90.82
ruminate.v,15,75029,90.84
revere.v,15,75044,90.86
emanate.v,15,75059,90.87
sit down.v,15,75074,90.89
collaborate.v,15,75089,90.91
sin.v,15,75104,90.93
ring a bell.v,15,75119,90.95
toot.v,15,75134,90.96
pin.v,15,75149,90.98
figure.v,15,75164,91.0
doze.v,15,75179,91.02
retire.v,15,75194,91.04
betide.v,15,75209,91.06
print out.v,15,75224,91.07
perspire.v,15,75239,91.09
borrow.v,15,75254,91.11
prickle.v,15,75269,91.13
tinkle.v,15,75284,91.15
tail.v,15,75299,91.16
dissuade.v,15,75314,91.18
tack.v,15,75329,91.2
mug.v,15,75344,91.22
outshine.v,15,75359,91.24
commandeer.v,15,75374,91.26
mail.v,15,75389,91.27
forage.v,15,75404,91.29
stash.v,15,75419,91.31
mystify.v,15,75434,91.33
blend.v,15,75449,91.35
claw.v,15,75464,91.36
recollect.v,15,75479,91.38
number.v,15,75494,91.4
scrape.v,15,75509,91.42
derail.v,15,75524,91.44
transpire.v,15,75539,91.45
disperse.v,15,75554,91.47
gratify.v,15,75569,91.49
bash.v,15,75584,91.51
discomfit.v,15,75599,91.53
convert.v,15,75614,91.55
incarcerate.v,15,75629,91.56
fashion.v,15,75644,91.58
course.v,15,75659,91.6
canter.v,15,75674,91.62
abstain.v,15,75689,91.64
impale.v,15,75704,91.65
abuse.v,15,75719,91.67
conjecture.v,15,75734,91.69
magnify.v,15,75749,91.71
avow.v,14,75763,91.73
sew.v,14,75777,91.74
close.v,14,75791,91.76
crucify.v,14,75805,91.78
butter.v,14,75819,91.79
draw.v,14,75833,91.81
adjust.v,14,75847,91.83
chair.v,14,75861,91.84
augur.v,14,75875,91.86
dampen.v,14,75889,91.88
moisturize.v,14,75903,91.9
substantiate.v,14,75917,91.91
soften.v,14,75931,91.93
connect.v,14,75945,91.95
segment.v,14,75959,91.96
jabber.v,14,75973,91.98
munch.v,14,75987,92.0
decamp.v,14,76001,92.01
depress.v,14,76015,92.03
bubble.v,14,76029,92.05
antagonize.v,14,76043,92.07
bag.v,14,76057,92.08
clear up.v,14,76071,92.1
shatter.v,14,76085,92.12
clank.v,14,76099,92.13
shut up.v,14,76113,92.15
promenade.v,14,76127,92.17
frolic.v,14,76141,92.18
glimmer.v,14,76155,92.2
spook.v,14,76169,92.22
trounce.v,14,76183,92.23
paw.v,14,76197,92.25
throw off.v,14,76211,92.27
enrich.v,14,76225,92.29
wring.v,14,76239,92.3
splatter.v,14,76253,92.32
forge.v,14,76267,92.34
lug.v,14,76281,92.35
accord.v,14,76295,92.37
cable.v,14,76309,92.39
coast.v,14,76323,92.4
render.v,14,76337,92.42
daub.v,14,76351,92.44
spell.v,14,76365,92.45
alight.v,14,76379,92.47
sweat.v,14,76393,92.49
repent.v,14,76407,92.51
recuperate.v,14,76421,92.52
scour.v,14,76435,92.54
pine.v,14,76449,92.56
butt.v,14,76463,92.57
slog.v,14,76477,92.59
hush.v,14,76491,92.61
better.v,13,76504,92.62
preserve.v,13,76517,92.64
solidify.v,13,76530,92.65
waver.v,13,76543,92.67
interfere.v,13,76556,92.69
drag on.v,13,76569,92.7
abut.v,13,76582,92.72
defecate.v,13,76595,92.73
triple.v,13,76608,92.75
refrain.v,13,76621,92.76
rate.v,13,76634,92.78
down.v,13,76647,92.8
intern.v,13,76660,92.81
skin.v,13,76673,92.83
glide.v,13,76686,92.84
redirect.v,13,76699,92.86
wheel.v,13,76712,92.88
vomit.v,13,76725,92.89
prize.v,13,76738,92.91
gloat.v,13,76751,92.92
wheeze.v,13,76764,92.94
mince.v,13,76777,92.95
befriend.v,13,76790,92.97
crouch down.v,13,76803,92.99
mean.v,13,76816,93.0
engender.v,13,76829,93.02
perch.v,13,76842,93.03
have got.v,13,76855,93.05
angle.v,13,76868,93.06
wow.v,13,76881,93.08
hanker.v,13,76894,93.1
pave.v,13,76907,93.11
hope.v,13,76920,93.13
upbraid.v,13,76933,93.14
kid.v,13,76946,93.16
sail.v,13,76959,93.17
gambol.v,13,76972,93.19
eschew.v,13,76985,93.21
bat.v,13,76998,93.22
square.v,13,77011,93.24
squat down.v,13,77024,93.25
evidence.v,13,77037,93.27
festoon.v,13,77050,93.28
unify.v,13,77063,93.3
arraign.v,13,77076,93.32
squelch.v,13,77089,93.33
lace.v,13,77102,93.35
cooperate.v,13,77115,93.36
condense.v,13,77128,93.38
obscure.v,13,77141,93.39
buttress.v,13,77154,93.41
endeavor.v,13,77167,93.43
gesticulate.v,13,77180,93.44
breakfast.v,13,77193,93.46
certify.v,13,77206,93.47
guffaw.v,13,77219,93.49
poach.v,13,77232,93.5
elbow.v,13,77245,93.52
boo.v,13,77258,93.54
sift.v,13,77271,93.55
vent.v,13,77284,93.57
exclude.v,12,77296,93.58
schedule.v,12,77308,93.6
cuff.v,12,77320,93.61
abet.v,12,77332,93.63
pore.v,12,77344,93.64
dry out.v,12,77356,93.65
hunch.v,12,77368,93.67
hitchhike.v,12,77380,93.68
forgo.v,12,77392,93.7
corrode.v,12,77404,93.71
clump.v,12,77416,93.73
harmonize.v,12,77428,93.74
strain.v,12,77440,93.76
offer.v,12,77452,93.77
act up.v,12,77464,93.79
pocket.v,12,77476,93.8
simulate.v,12,77488,93.81
terrorize.v,12,77500,93.83
forestall.v,12,77512,93.84
trill.v,12,77524,93.86
seal.v,12,77536,93.87
coax.v,12,77548,93.89
finger.v,12,77560,93.9
unzip.v,12,77572,93.92
decompose.v,12,77584,93.93
let.v,12,77596,93.95
side.v,12,77608,93.96
sleepwalk.v,12,77620,93.97
titter.v,12,77632,93.99
spear.v,12,77644,94.0
stimulate.v,12,77656,94.02
sicken.v,12,77668,94.03
double-check.v,12,77680,94.05
yawn.v,12,77692,94.06
plait.v,12,77704,94.08
gripe.v,12,77716,94.09
don.v,12,77728,94.11
gladden.v,12,77740,94.12
blackmail.v,12,77752,94.13
percolate.v,12,77764,94.15
pen.v,12,77776,94.16
hazard.v,12,77788,94.18
remonstrate.v,12,77800,94.19
force.v,12,77812,94.21
expunge.v,12,77824,94.22
tempt.v,12,77836,94.24
throng.v,12,77848,94.25
ululate.v,12,77860,94.26
predate.v,12,77872,94.28
bicycle.v,12,77884,94.29
cloak.v,12,77896,94.31
hospitalize.v,12,77908,94.32
equip.v,12,77920,94.34
consecrate.v,11,77931,94.35
telegraph.v,11,77942,94.36
simper.v,11,77953,94.38
deprecate.v,11,77964,94.39
room.v,11,77975,94.4
widen.v,11,77986,94.42
rest.v,11,77997,94.43
take out.v,11,78008,94.44
curl.v,11,78019,94.46
ignite.v,11,78030,94.47
grope.v,11,78041,94.48
work through.v,11,78052,94.5
roast.v,11,78063,94.51
handcuff.v,11,78074,94.52
wet.v,11,78085,94.54
situate.v,11,78096,94.55
rout.v,11,78107,94.56
concern.v,11,78118,94.58
decree.v,11,78129,94.59
conciliate.v,11,78140,94.6
harangue.v,11,78151,94.62
whinny.v,11,78162,94.63
shoplift.v,11,78173,94.64
covenant.v,11,78184,94.66
shackle.v,11,78195,94.67
gash.v,11,78206,94.68
kneel up.v,11,78217,94.7
divest.v,11,78228,94.71
jeer.v,11,78239,94.72
assay.v,11,78250,94.74
piss.v,11,78261,94.75
fulfill.v,11,78272,94.76
varnish.v,11,78283,94.78
affront.v,11,78294,94.79
sprain.v,11,78305,94.8
embellish.v,11,78316,94.82
institutionalize.v,11,78327,94.83
spy.v,11,78338,94.84
spurt.v,11,78349,94.86
dry up.v,11,78360,94.87
blot out.v,11,78371,94.88
undercut.v,11,78382,94.9
void.v,11,78393,94.91
enroll.v,11,78404,94.92
foreshadow.v,11,78415,94.94
stock.v,11,78426,94.95
presage.v,11,78437,94.96
raze.v,11,78448,94.98
suffuse.v,11,78459,94.99
vex.v,11,78470,95.0
ease.v,11,78481,95.02
stew.v,11,78492,95.03
snow.v,11,78503,95.04
eavesdrop.v,11,78514,95.06
found.v,11,78525,95.07
get even.v,11,78536,95.08
radio.v,11,78547,95.1
pilfer.v,10,78557,95.11
round up.v,10,78567,95.12
vaporize.v,10,78577,95.13
lynch.v,10,78587,95.15
belch.v,10,78597,95.16
filch.v,10,78607,95.17
rid.v,10,78617,95.18
swap.v,10,78627,95.19
plow.v,10,78637,95.21
belt.v,10,78647,95.22
retch.v,10,78657,95.23
portend.v,10,78667,95.24
pot.v,10,78677,95.25
pour.v,10,78687,95.27
plop.v,10,78697,95.28
sport.v,10,78707,95.29
choose.v,10,78717,95.3
anchor.v,10,78727,95.31
line.v,10,78737,95.33
feel like.v,10,78747,95.34
moisten.v,10,78757,95.35
calibrate.v,10,78767,95.36
yap.v,10,78777,95.38
liquefy.v,10,78787,95.39
falsify.v,10,78797,95.4
lisp.v,10,78807,95.41
mushroom.v,10,78817,95.42
nail.v,10,78827,95.44
nip.v,10,78837,95.45
lap.v,10,78847,95.46
open.v,10,78857,95.47
pee.v,10,78867,95.48
excise.v,10,78877,95.5
club.v,10,78887,95.51
tout.v,10,78897,95.52
spur.v,10,78907,95.53
shrill.v,10,78917,95.54
court.v,10,78927,95.56
part.v,10,78937,95.57
wreak.v,10,78947,95.58
crank.v,10,78957,95.59
paste.v,10,78967,95.61
urinate.v,10,78977,95.62
flush.v,10,78987,95.63
deactivate.v,10,78997,95.64
rinse.v,10,79007,95.65
disembowel.v,10,79017,95.67
butcher.v,10,79027,95.68
bind.v,10,79037,95.69
incense.v,10,79047,95.7
reinstate.v,10,79057,95.71
dress.v,10,79067,95.73
whir.v,10,79077,95.74
denote.v,10,79087,95.75
pummel.v,10,79097,95.76
reconnoitre.v,10,79107,95.77
tie the knot.v,10,79117,95.79
accept.v,10,79127,95.8
come off.v,10,79137,95.81
desist.v,10,79147,95.82
lunch.v,10,79157,95.84
analyse.v,9,79166,95.85
whinge.v,9,79175,95.86
caper.v,9,79184,95.87
feast.v,9,79193,95.88
purloin.v,9,79202,95.89
rejuvenate.v,9,79211,95.9
dismantle.v,9,79220,95.91
concede.v,9,79229,95.92
box.v,9,79238,95.93
bludgeon.v,9,79247,95.94
jot down.v,9,79256,95.96
beep.v,9,79265,95.97
endow.v,9,79274,95.98
intend.v,9,79283,95.99
package.v,9,79292,96.0
flame.v,9,79301,96.01
assail.v,9,79310,96.02
moor.v,9,79319,96.03
ingest.v,9,79328,96.04
call up.v,9,79337,96.05
twist.v,9,79346,96.06
stud.v,9,79355,96.07
type in.v,9,79364,96.09
sheathe.v,9,79373,96.1
bust.v,9,79382,96.11
bump.v,9,79391,96.12
screw up.v,9,79400,96.13
bungle.v,9,79409,96.14
meld.v,9,79418,96.15
scout.v,9,79427,96.16
weld.v,9,79436,96.17
cluck.v,9,79445,96.18
clunk.v,9,79454,96.19
palpate.v,9,79463,96.21
rock.v,9,79472,96.22
prevail.v,9,79481,96.23
duplicate.v,9,79490,96.24
swig.v,9,79499,96.25
snore.v,9,79508,96.26
revive.v,9,79517,96.27
repair.v,9,79526,96.28
imitate.v,9,79535,96.29
fire off.v,9,79544,96.3
prophesy.v,9,79553,96.31
clack.v,9,79562,96.33
maltreat.v,9,79571,96.34
embrace.v,9,79580,96.35
pontificate.v,9,79589,96.36
mask.v,9,79598,96.37
assume.v,9,79607,96.38
curdle.v,9,79616,96.39
gild.v,9,79625,96.4
shush.v,9,79634,96.41
proliferate.v,9,79643,96.42
electrocute.v,9,79652,96.43
slumber.v,8,79660,96.44
shirk.v,8,79668,96.45
damn.v,8,79676,96.46
nip in the bud.v,8,79684,96.47
stain.v,8,79692,96.48
chronicle.v,8,79700,96.49
screen.v,8,79708,96.5
exhilarate.v,8,79716,96.51
frisk.v,8,79724,96.52
excoriate.v,8,79732,96.53
sire.v,8,79740,96.54
groom.v,8,79748,96.55
natter.v,8,79756,96.56
get away.v,8,79764,96.57
fizz.v,8,79772,96.58
gnash.v,8,79780,96.59
ban.v,8,79788,96.6
misappropriate.v,8,79796,96.61
lust.v,8,79804,96.62
manipulate.v,8,79812,96.63
chafe.v,8,79820,96.64
mill.v,8,79828,96.65
blaze.v,8,79836,96.66
bisect.v,8,79844,96.67
dry off.v,8,79852,96.68
steam.v,8,79860,96.69
check.v,8,79868,96.7
agonize.v,8,79876,96.71
cart.v,8,79884,96.72
soap.v,8,79892,96.73
mutiny.v,8,79900,96.73
atone.v,8,79908,96.74
traumatize.v,8,79916,96.75
tether.v,8,79924,96.76
spew.v,8,79932,96.77
unfasten.v,8,79940,96.78
reschedule.v,8,79948,96.79
blow it.v,8,79956,96.8
thirst.v,8,79964,96.81
snigger.v,8,79972,96.82
sabotage.v,8,79980,96.83
kick off.v,8,79988,96.84
embezzle.v,8,79996,96.85
floor.v,8,80004,96.86
toast.v,8,80012,96.87
crate.v,8,80020,96.88
thin.v,8,80028,96.89
garage.v,8,80036,96.9
rip up.v,8,80044,96.91
tile.v,8,80052,96.92
ail.v,8,80060,96.93
bury.v,8,80068,96.94
husband.v,8,80076,96.95
pulp.v,8,80084,96.96
age.v,8,80092,96.97
sally.v,8,80100,96.98
shroud.v,8,80108,96.99
putter.v,8,80116,97.0
trade.v,8,80124,97.01
disburse.v,8,80132,97.02
core.v,8,80140,97.03
foist.v,8,80148,97.04
replicate.v,8,80156,97.04
deify.v,8,80164,97.05
asphyxiate.v,8,80172,97.06
revenge.v,8,80180,97.07
shoulder.v,8,80188,97.08
gall.v,8,80196,97.09
bond.v,8,80204,97.1
write out.v,8,80212,97.11
translate.v,7,80219,97.12
solder.v,7,80226,97.13
spill beans.v,7,80233,97.14
stub.v,7,80240,97.15
swell.v,7,80247,97.15
stir.v,7,80254,97.16
trust.v,7,80261,97.17
wonder.v,7,80268,97.18
sup.v,7,80275,97.19
staff.v,7,80282,97.2
strip off.v,7,80289,97.21
aggrieve.v,7,80296,97.21
stay over.v,7,80303,97.22
spawn.v,7,80310,97.23
teach.v,7,80317,97.24
widow.v,7,80324,97.25
slurp.v,7,80331,97.26
stymie.v,7,80338,97.27
weigh.v,7,80345,97.27
snooze.v,7,80352,97.28
uncork.v,7,80359,97.29
skyrocket.v,7,80366,97.3
zip.v,7,80373,97.31
focus.v,7,80380,97.32
reinvigorate.v,7,80387,97.32
release.v,7,80394,97.33
excuse.v,7,80401,97.34
cement.v,7,80408,97.35
hitch.v,7,80415,97.36
huff.v,7,80422,97.37
hum.v,7,80429,97.38
hump.v,7,80436,97.38
empathize.v,7,80443,97.39
restart.v,7,80450,97.4
motivate.v,7,80457,97.41
revolt.v,7,80464,97.42
rhyme.v,7,80471,97.43
pass away.v,7,80478,97.43
dovetail.v,7,80485,97.44
dot.v,7,80492,97.45
harass.v,7,80499,97.46
reheat.v,7,80506,97.47
invigorate.v,7,80513,97.48
bike.v,7,80520,97.49
circumcise.v,7,80527,97.49
punt.v,7,80534,97.5
quieten.v,7,80541,97.51
block.v,7,80548,97.52
gallivant.v,7,80555,97.53
proof-read.v,7,80562,97.54
father.v,7,80569,97.54
fart.v,7,80576,97.55
cleave.v,7,80583,97.56
bode.v,7,80590,97.57
go on.v,7,80597,97.58
pressure.v,7,80604,97.59
grouse.v,7,80611,97.6
guzzle.v,7,80618,97.6
point.v,7,80625,97.61
impact.v,7,80632,97.62
revitalize.v,7,80639,97.63
scrunch.v,7,80646,97.64
scarper.v,7,80653,97.65
conjure.v,7,80660,97.65
corroborate.v,7,80667,97.66
nab.v,7,80674,97.67
could.v,7,80681,97.68
counter-attack.v,7,80688,97.69
counterfeit.v,7,80695,97.7
mess up.v,7,80702,97.71
neigh.v,7,80709,97.71
marinate.v,7,80716,97.72
manacle.v,7,80723,97.73
deck.v,7,80730,97.74
madden.v,7,80737,97.75
denude.v,7,80744,97.76
come to.v,7,80751,97.77
quack.v,7,80758,97.77
overnight.v,7,80765,97.78
dishearten.v,7,80772,97.79
snitch.v,6,80778,97.8
mew.v,6,80784,97.81
microwave.v,6,80790,97.81
aggravate.v,6,80796,97.82
give the slip.v,6,80802,97.83
giggle.v,6,80808,97.83
misrepresent.v,6,80814,97.84
gift.v,6,80820,97.85
chirrup.v,6,80826,97.86
imbibe.v,6,80832,97.86
squabble.v,6,80838,97.87
peg.v,6,80844,97.88
sober.v,6,80850,97.88
knee.v,6,80856,97.89
snicker.v,6,80862,97.9
galvanize.v,6,80868,97.91
spout.v,6,80874,97.91
bullshit.v,6,80880,97.92
page.v,6,80886,97.93
affix.v,6,80892,97.94
smother.v,6,80898,97.94
mummify.v,6,80904,97.95
forbear.v,6,80910,97.96
print up.v,6,80916,97.96
prevaricate.v,6,80922,97.97
succor.v,6,80928,97.98
chance.v,6,80934,97.99
hunger.v,6,80940,97.99
hunch up.v,6,80946,98.0
peel off.v,6,80952,98.01
calve.v,6,80958,98.02
splinter.v,6,80964,98.02
stupefy.v,6,80970,98.03
pigeonhole.v,6,80976,98.04
lose sleep.v,6,80982,98.04
laugh.v,6,80988,98.05
hawk.v,6,80994,98.06
appeal.v,6,81000,98.07
summons.v,6,81006,98.07
peal.v,6,81012,98.08
nurse.v,6,81018,98.09
abash.v,6,81024,98.1
tape.v,6,81030,98.1
nettle.v,6,81036,98.11
thieve.v,6,81042,98.12
spoil.v,6,81048,98.12
guillotine.v,6,81054,98.13
negotiate.v,6,81060,98.14
prejudge.v,6,81066,98.15
kindle.v,6,81072,98.15
stereotype.v,6,81078,98.16
fluster.v,6,81084,98.17
waffle.v,6,81090,98.18
regurgitate.v,6,81096,98.18
underscore.v,6,81102,98.19
unscrew.v,6,81108,98.2
attract.v,6,81114,98.2
equivocate.v,6,81120,98.21
vacillate.v,6,81126,98.22
embitter.v,6,81132,98.23
embalm.v,6,81138,98.23
earn.v,6,81144,98.24
beguile.v,6,81150,98.25
shut.v,6,81156,98.26
author.v,6,81162,98.26
salt.v,6,81168,98.27
expire.v,6,81174,98.28
dice.v,6,81180,98.28
saturate.v,6,81186,98.29
warble.v,6,81192,98.3
commit to memory.v,6,81198,98.31
decapitate.v,6,81204,98.31
wish.v,6,81210,98.32
abominate.v,6,81216,98.33
seed.v,6,81222,98.34
shelve.v,6,81228,98.34
write in.v,6,81234,98.35
convalesce.v,6,81240,98.36
yowl.v,6,81246,98.36
clomp.v,6,81252,98.37
cohere.v,6,81258,98.38
turn down.v,6,81264,98.39
blanch.v,6,81270,98.39
faze.v,6,81276,98.4
type out.v,6,81282,98.41
refrigerate.v,6,81288,98.42
fester.v,6,81294,98.42
reason.v,6,81300,98.43
raft.v,6,81306,98.44
quiet down.v,6,81312,98.44
bitch.v,6,81318,98.45
blanket.v,6,81324,98.46
sleep over.v,6,81330,98.47
type up.v,6,81336,98.47
whoop.v,5,81341,98.48
append.v,5,81346,98.49
button.v,5,81351,98.49
fish.v,5,81356,98.5
garrotte.v,5,81361,98.5
whip up.v,5,81366,98.51
deform.v,5,81371,98.52
weaponize.v,5,81376,98.52
cage.v,5,81381,98.53
dethrone.v,5,81386,98.53
combust.v,5,81391,98.54
debug.v,5,81396,98.55
expiate.v,5,81401,98.55
burp.v,5,81406,98.56
wreathe.v,5,81411,98.56
flagellate.v,5,81416,98.57
mortify.v,5,81421,98.58
moo.v,5,81426,98.58
fragment.v,5,81431,98.59
fuck up.v,5,81436,98.59
miss.v,5,81441,98.6
wrangle.v,5,81446,98.61
curtsy.v,5,81451,98.61
flabbergast.v,5,81456,98.62
crease.v,5,81461,98.62
fuss.v,5,81466,98.63
meet with.v,5,81471,98.64
strap.v,5,81476,98.64
surface.v,5,81481,98.65
mash.v,5,81486,98.65
dither.v,5,81491,98.66
tote.v,5,81496,98.67
espy.v,5,81501,98.67
hush up.v,5,81506,98.68
coalesce.v,5,81511,98.69
entitle.v,5,81516,98.69
honor.v,5,81521,98.7
entrain.v,5,81526,98.7
caw.v,5,81531,98.71
typecast.v,5,81536,98.72
kip.v,5,81541,98.72
cheep.v,5,81546,98.73
unbuckle.v,5,81551,98.73
clot.v,5,81556,98.74
grip.v,5,81561,98.75
hammer.v,5,81566,98.75
hafta.v,5,81571,98.76
veil.v,5,81576,98.76
vend.v,5,81581,98.77
duel.v,5,81586,98.78
flummox.v,5,81591,98.78
tally.v,5,81596,98.79
drench.v,5,81601,98.79
doff.v,5,81606,98.8
face.v,5,81611,98.81
imperil.v,5,81616,98.81
improve.v,5,81621,98.82
inspire.v,5,81626,98.82
voyage.v,5,81631,98.83
sweep.v,5,81636,98.84
jot.v,5,81641,98.84
cap.v,5,81646,98.85
faint.v,5,81651,98.85
collar.v,5,81656,98.86
invite.v,5,81661,98.87
brawl.v,5,81666,98.87
seeing.v,5,81671,98.88
outrage.v,5,81676,98.88
scourge.v,5,81681,98.89
scuffle.v,5,81686,98.9
shed.v,5,81691,98.9
slip on.v,5,81696,98.91
obligate.v,5,81701,98.92
semaphore.v,5,81706,98.92
quaff.v,5,81711,98.93
blockade.v,5,81716,98.93
pan.v,5,81721,98.94
partner.v,5,81726,98.95
ordain.v,5,81731,98.95
sashay.v,5,81736,98.96
betoken.v,5,81741,98.96
pare.v,5,81746,98.97
sledge.v,5,81751,98.98
boat.v,5,81756,98.98
bethink oneself.v,5,81761,98.99
rivet.v,5,81766,98.99
roust.v,5,81771,99.0
quiet.v,5,81776,99.01
snack.v,5,81781,99.01
bar.v,5,81786,99.02
shit.v,5,81791,99.02
perform.v,5,81796,99.03
pop.v,5,81801,99.04
pickle.v,5,81806,99.04
scalp.v,5,81811,99.05
sough.v,5,81816,99.05
moulder.v,5,81821,99.06
bring together.v,5,81826,99.07
staple.v,5,81831,99.07
bone.v,5,81836,99.08
slosh.v,5,81841,99.08
process.v,5,81846,99.09
capitulate.v,4,81850,99.1
got on.v,4,81854,99.1
judder.v,4,81858,99.11
skirmish.v,4,81862,99.11
parachute.v,4,81866,99.11
bin.v,4,81870,99.12
deforest.v,4,81874,99.12
sway.v,4,81878,99.13
solace.v,4,81882,99.13
jiggle.v,4,81886,99.14
grade.v,4,81890,99.14
swill.v,4,81894,99.15
section.v,4,81898,99.15
explore.v,4,81902,99.16
drowse.v,4,81906,99.16
hibernate.v,4,81910,99.17
slop.v,4,81914,99.17
fib.v,4,81918,99.18
catnap.v,4,81922,99.18
hold off.v,4,81926,99.19
warehouse.v,4,81930,99.19
petrify.v,4,81934,99.2
botch.v,4,81938,99.2
gum.v,4,81942,99.21
wallpaper.v,4,81946,99.21
rankle.v,4,81950,99.22
scald.v,4,81954,99.22
pass out.v,4,81958,99.23
rat.v,4,81962,99.23
saute.v,4,81966,99.24
parley.v,4,81970,99.24
prefigure.v,4,81974,99.25
truss.v,4,81978,99.25
exalt.v,4,81982,99.26
steep.v,4,81986,99.26
occlude.v,4,81990,99.27
congeal.v,4,81994,99.27
shampoo.v,4,81998,99.27
enclose.v,4,82002,99.28
braid.v,4,82006,99.28
obliterate.v,4,82010,99.29
puke.v,4,82014,99.29
mark.v,4,82018,99.3
route.v,4,82022,99.3
beget.v,4,82026,99.31
pulverize.v,4,82030,99.31
oughta.v,4,82034,99.32
trammel.v,4,82038,99.32
wax.v,4,82042,99.33
nap.v,4,82046,99.33
buckle.v,4,82050,99.34
archive.v,4,82054,99.34
apprise.v,4,82058,99.35
waste.v,4,82062,99.35
mosey.v,4,82066,99.36
flake.v,4,82070,99.36
bop.v,4,82074,99.37
oxidize.v,4,82078,99.37
rend.v,4,82082,99.38
sputter.v,4,82086,99.38
evince.v,4,82090,99.39
glaze.v,4,82094,99.39
coagulate.v,4,82098,99.4
liquidate.v,4,82102,99.4
lift off.v,4,82106,99.41
crackle.v,4,82110,99.41
procure.v,4,82114,99.42
lack.v,4,82118,99.42
land.v,4,82122,99.42
crack.v,4,82126,99.43
distribute.v,4,82130,99.43
whelp.v,4,82134,99.44
souse.v,3,82137,99.44
designate.v,3,82140,99.45
desiccate.v,3,82143,99.45
cinch.v,3,82146,99.45
truck.v,3,82149,99.46
transship.v,3,82152,99.46
degrease.v,3,82155,99.46
hail.v,3,82158,99.47
greenlight.v,3,82161,99.47
deserve.v,3,82164,99.48
gab.v,3,82167,99.48
gibe.v,3,82170,99.48
trick.v,3,82173,99.49
sop.v,3,82176,99.49
gang together.v,3,82179,99.49
toboggan.v,3,82182,99.5
prompt.v,3,82185,99.5
promote.v,3,82188,99.5
delouse.v,3,82191,99.51
present.v,3,82194,99.51
quibble.v,3,82197,99.52
scintillate.v,3,82200,99.52
take captive.v,3,82203,99.52
help out.v,3,82206,99.53
make sure.v,3,82209,99.53
braise.v,3,82212,99.53
knock down.v,3,82215,99.54
rename.v,3,82218,99.54
lick.v,3,82221,99.54
by-pass.v,3,82224,99.55
enshroud.v,3,82227,99.55
divert.v,3,82230,99.56
singe.v,3,82233,99.56
maintain.v,3,82236,99.56
congregate.v,3,82239,99.57
undulate.v,3,82242,99.57
array.v,3,82245,99.57
sign on.v,3,82248,99.58
mine.v,3,82251,99.58
ride.v,3,82254,99.58
conflict.v,3,82257,99.59
mix.v,3,82260,99.59
brown.v,3,82263,99.6
zing.v,3,82266,99.6
bruise.v,3,82269,99.6
panel.v,3,82272,99.61
come forward.v,3,82275,99.61
safeguard.v,3,82278,99.61
cudgel.v,3,82281,99.62
plash.v,3,82284,99.62
crest.v,3,82287,99.62
compromise.v,3,82290,99.63
horsewhip.v,3,82293,99.63
reduplicate.v,3,82296,99.64
compete.v,3,82299,99.64
complement.v,3,82302,99.64
putrefy.v,2,82304,99.65
favor.v,2,82306,99.65
revisit.v,2,82308,99.65
fly in the face of.v,2,82310,99.65
turn out.v,2,82312,99.65
e-mail.v,2,82314,99.66
adjudicate.v,2,82316,99.66
twiddle.v,2,82318,99.66
fax.v,2,82320,99.66
rage.v,2,82322,99.67
bestow.v,2,82324,99.67
do duty.v,2,82326,99.67
vamoose.v,2,82328,99.67
ready.v,2,82330,99.68
eviscerate.v,2,82332,99.68
step up.v,2,82334,99.68
auction.v,2,82336,99.68
flight-test.v,2,82338,99.69
warp.v,2,82340,99.69
fillet.v,2,82342,99.69
enjoy.v,2,82344,99.69
sack.v,2,82346,99.7
sleet.v,2,82348,99.7
slalom.v,2,82350,99.7
administer.v,2,82352,99.7
fizzle.v,2,82354,99.71
exhaust.v,2,82356,99.71
co-occur.v,2,82358,99.71
pray.v,2,82360,99.71
come from.v,2,82362,99.72
let know.v,2,82364,99.72
cast.v,2,82366,99.72
parboil.v,2,82368,99.72
cube.v,2,82370,99.73
intermix.v,2,82372,99.73
fuel.v,2,82374,99.73
amuse.v,2,82376,99.73
spring up.v,2,82378,99.73
wound.v,2,82380,99.74
keen.v,2,82382,99.74
palliate.v,2,82384,99.74
kiss.v,2,82386,99.74
last.v,2,82388,99.75
outlaw.v,2,82390,99.75
select.v,2,82392,99.75
illustrate.v,2,82394,99.75
litter.v,2,82396,99.76
coruscate.v,2,82398,99.76
cop.v,2,82400,99.76
contract.v,2,82402,99.76
squish.v,2,82404,99.77
consolidate.v,2,82406,99.77
manicure.v,2,82408,99.77
nosh.v,2,82410,99.77
neighbor.v,2,82412,99.78
masticate.v,2,82414,99.78
stow it.v,2,82416,99.78
yodel.v,2,82418,99.78
badger.v,2,82420,99.79
take part.v,2,82422,99.79
drug.v,2,82424,99.79
term.v,2,82426,99.79
caterwaul.v,2,82428,99.8
barricade.v,2,82430,99.8
head out.v,2,82432,99.8
get up.v,2,82434,99.8
throw up.v,2,82436,99.81
hydrate.v,2,82438,99.81
give voice.v,2,82440,99.81
ping.v,2,82442,99.81
come to a end.v,2,82444,99.81
spend.v,2,82446,99.82
cater.v,2,82448,99.82
barbecue.v,2,82450,99.82
band.v,1,82451,99.82
shorten.v,1,82452,99.82
convene.v,1,82453,99.83
shanghai.v,1,82454,99.83
sell short.v,1,82455,99.83
commingle.v,1,82456,99.83
schlep.v,1,82457,99.83
come up.v,1,82458,99.83
abbreviate.v,1,82459,99.83
deteriorate.v,1,82460,99.83
congratulate.v,1,82461,99.84
shut off.v,1,82462,99.84
detail.v,1,82463,99.84
dress up.v,1,82464,99.84
descale.v,1,82465,99.84
descry.v,1,82466,99.84
yoke.v,1,82467,99.84
acquiesce.v,1,82468,99.84
deem.v,1,82469,99.85
decontaminate.v,1,82470,99.85
scorch.v,1,82471,99.85
seesaw.v,1,82472,99.85
witness.v,1,82473,99.85
dictate.v,1,82474,99.85
curtail.v,1,82475,99.85
wire.v,1,82476,99.85
cut off.v,1,82477,99.85
diddle.v,1,82478,99.86
cut short.v,1,82479,99.86
compound.v,1,82480,99.86
collocate.v,1,82481,99.86
would.v,1,82482,99.86
collect.v,1,82483,99.86
shrink from.v,1,82484,99.86
shift.v,1,82485,99.86
disobey.v,1,82486,99.87
disseminate.v,1,82487,99.87
scratch.v,1,82488,99.87
whisk.v,1,82489,99.87
balloon.v,1,82490,99.87
sacrifice.v,1,82491,99.87
work together.v,1,82492,99.87
put together.v,1,82493,99.87
ride out.v,1,82494,99.88
dump.v,1,82495,99.88
care.v,1,82496,99.88
jeopardise.v,1,82497,99.88
jell.v,1,82498,99.88
set down.v,1,82499,99.88
carry on.v,1,82500,99.88
switch.v,1,82501,99.88
institute.v,1,82502,99.88
catch fire.v,1,82503,99.89
take effect.v,1,82504,99.89
sprawl out.v,1,82505,99.89
catch on fire.v,1,82506,99.89
take to the air.v,1,82507,99.89
tangle.v,1,82508,99.89
brace.v,1,82509,99.89
spit up.v,1,82510,99.89
tarnish.v,1,82511,99.9
catch.v,1,82512,99.9
host.v,1,82513,99.9
speculate.v,1,82514,99.9
pirate.v,1,82515,99.9
boom.v,1,82516,99.9
char.v,1,82517,99.9
handle.v,1,82518,99.9
caravan.v,1,82519,99.91
conflate.v,1,82520,99.91
languish.v,1,82521,99.91
make out to be.v,1,82522,99.91
mold.v,1,82523,99.91
broil.v,1,82524,99.91
mislead.v,1,82525,99.91
arouse.v,1,82526,99.91
mewl.v,1,82527,99.92
measure.v,1,82528,99.92
master.v,1,82529,99.92
stagnate.v,1,82530,99.92
break up.v,1,82531,99.92
make up.v,1,82532,99.92
lure.v,1,82533,99.92
lave.v,1,82534,99.92
loop.v,1,82535,99.92
ought to.v,1,82536,99.93
look back.v,1,82537,99.93
lock up.v,1,82538,99.93
live in fear.v,1,82539,99.93
sublime.v,1,82540,99.93
subvert.v,1,82541,99.93
outfit.v,1,82542,99.93
asphalt.v,1,82543,99.93
lead the way.v,1,82544,99.94
throw on.v,1,82545,99.94
go wrong.v,1,82546,99.94
print.v,1,82547,99.94
evolve.v,1,82548,99.94
read out.v,1,82549,99.94
extinguish.v,1,82550,99.94
expurgate.v,1,82551,99.94
expose.v,1,82552,99.95
birth.v,1,82553,99.95
refute.v,1,82554,99.95
skedaddle.v,1,82555,99.95
execrate.v,1,82556,99.95
remedy.v,1,82557,99.95
excel.v,1,82558,99.95
erupt.v,1,82559,99.95
rake.v,1,82560,99.96
repopulate.v,1,82561,99.96
usher in.v,1,82562,99.96
endorse.v,1,82563,99.96
emplace.v,1,82564,99.96
reshape.v,1,82565,99.96
embark.v,1,82566,99.96
respect.v,1,82567,99.96
effect.v,1,82568,99.96
educate.v,1,82569,99.97
restrict.v,1,82570,99.97
tweet.v,1,82571,99.97
feature.v,1,82572,99.97
go away.v,1,82573,99.97
touch down.v,1,82574,99.97
glister.v,1,82575,99.97
glimpse.v,1,82576,99.97
agglutinate.v,1,82577,99.98
give rise.v,1,82578,99.98
progress.v,1,82579,99.98
tolerate.v,1,82580,99.98
get there.v,1,82581,99.98
get ready.v,1,82582,99.98
get on.v,1,82583,99.98
proscribe.v,1,82584,99.98
provoke.v,1,82585,99.99
fit.v,1,82586,99.99
gag.v,1,82587,99.99
purl.v,1,82588,99.99
front.v,1,82589,99.99
free.v,1,82590,99.99
freak out.v,1,82591,99.99
put an end to.v,1,82592,99.99
put out.v,1,82593,100.0
fool.v,1,82594,100.0
flop.v,1,82595,100.0
flight test.v,1,82596,100.0
sever.v,1,82597,100.0


